downlinks.ecsv
# %ECSV 1.0
# ---
# datatype:
# - {name: start_time, datatype: string}
# - {name: target_coord.ra, unit: deg, datatype: float64}
# - {name: target_coord.dec, unit: deg, datatype: float64}
# - {name: roll, unit: deg, datatype: float64}
# - {name: observer_location.x, unit: km, datatype: float64}
# - {name: observer_location.y, unit: km, datatype: float64}
# - {name: observer_location.z, unit: km, datatype: float64}
# - {name: action, datatype: string}
# - {name: duration, unit: min, datatype: float64}
# meta: !!omap
# - __serialized_columns__:
#     duration:
#       __class__: astropy.units.quantity.Quantity
#       unit: !astropy.units.Unit {unit: min}
#       value: !astropy.table.SerializedColumn {name: duration}
#     observer_location:
#       __class__: astropy.coordinates.earth.EarthLocation
#       ellipsoid: WGS84
#       x: !astropy.table.SerializedColumn
#         __class__: astropy.units.quantity.Quantity
#         unit: &id001 !astropy.units.Unit {unit: km}
#         value: !astropy.table.SerializedColumn {name: observer_location.x}
#       y: !astropy.table.SerializedColumn
#         __class__: astropy.units.quantity.Quantity
#         unit: *id001
#         value: !astropy.table.SerializedColumn {name: observer_location.y}
#       z: !astropy.table.SerializedColumn
#         __class__: astropy.units.quantity.Quantity
#         unit: *id001
#         value: !astropy.table.SerializedColumn {name: observer_location.z}
#     roll:
#       __class__: astropy.units.quantity.Quantity
#       unit: &id002 !astropy.units.Unit {unit: deg}
#       value: !astropy.table.SerializedColumn {name: roll}
#     start_time:
#       __class__: astropy.time.core.Time
#       format: iso
#       in_subfmt: '*'
#       out_subfmt: '*'
#       precision: 3
#       scale: utc
#       value: !astropy.table.SerializedColumn {name: start_time}
#     target_coord:
#       __class__: astropy.coordinates.sky_coordinate.SkyCoord
#       dec: !astropy.table.SerializedColumn
#         __class__: astropy.coordinates.angles.core.Latitude
#         unit: *id002
#         value: !astropy.table.SerializedColumn {name: target_coord.dec}
#       frame: icrs
#       ra: !astropy.table.SerializedColumn
#         __class__: astropy.coordinates.angles.core.Longitude
#         unit: *id002
#         value: !astropy.table.SerializedColumn {name: target_coord.ra}
#         wrap_angle: !astropy.coordinates.Angle
#           unit: *id002
#           value: 360.0
#       representation_type: unitspherical
# schema: astropy-2.0
start_time target_coord.ra target_coord.dec roll observer_location.x observer_location.y observer_location.z action duration
[from data line 105]
"2030-01-27 06:00:00.000" 173.9453918077704 23.30087744900795 -87.82665313812016 159880.8331819709 13129.601825744061 41932.324551538455 downlink 30.0
"2030-01-27 12:00:00.000" 159.6596508635335 24.355768838541213 -95.95471425319954 -19387.722076218302 -139565.54854131734 53678.862517704794 downlink 30.0
"2030-01-27 18:00:00.000" 142.62994405510744 22.529803915071508 -106.58926392852263 -111398.07539185841 50547.04691565699 62475.858312275705 downlink 30.0
"2030-01-28 00:00:00.000" 124.6847152396608 15.477766907753454 60.110895406559116 77690.8552776797 75058.3653950374 66775.24808862932 downlink 30.0
"2030-01-28 06:00:00.000" 114.19875530841509 -1.6032062351073846 37.88058889021629 31849.647957050525 -97402.31731154422 65069.71015444943 downlink 30.0
"2030-01-28 12:00:00.000" 151.85007185166103 -4.569172335779924 -42.02521089812139 -106707.86515741184 14709.950416038717 56726.29005595061 downlink 30.0
"2030-01-28 18:00:00.000" 145.03447791602701 15.77273623622076 -78.01394140291353 59879.93362219889 104754.58567172957 42627.366652979916 downlink 30.0
"2030-01-29 00:00:00.000" 126.71464621282998 17.893189566967134 86.646413299545 93152.68990058242 -99843.2014088594 24745.290828439174 downlink 30.0
"2030-01-29 06:00:00.000" 111.17827015568075 14.722107869387795 77.55825524415636 -132829.7373213399 -74672.23763941253 5100.644214290567 downlink 30.0
"2030-01-29 12:00:00.000" 99.051109138803 9.99518142571895 72.19913764241127 -51921.85073525698 158691.43661839882 -14845.448777953074 downlink 30.0
"2030-01-29 18:00:00.000" 89.52359473151887 5.0362038282968395 69.14853389889332 178062.43166216905 26849.75489516543 -34222.13943119125 downlink 30.0
"2030-01-30 00:00:00.000" 81.82866493823165 0.2956032327531917 67.53827096232584 772.6335136446623 -191802.69115243392 -52568.64578655903 downlink 30.0
"2030-01-30 06:00:00.000" 75.42545675051021 -4.1092046690242805 66.85607273185356 -200748.48388202832 25452.487986010095 -69667.98211257455 downlink 30.0
"2030-01-30 12:00:00.000" 69.95257335952851 -8.183324230534572 66.80084105982105 51272.845013384955 205629.8998455828 -85439.04790317277 downlink 30.0
"2030-01-30 18:00:00.000" 65.16722315939838 -11.973447927755814 67.19385024720275 207059.3436706314 -76331.32952784954 -99871.5759226671 downlink 30.0
"2030-01-31 00:00:00.000" 60.90231552773553 -15.537660042632941 67.92864426399304 -100395.56857018582 -205544.6089483795 -112989.8996561645 downlink 30.0
"2030-01-31 06:00:00.000" 57.03925670849911 -18.935077203965374 68.94338249470657 -201506.48939109436 123312.68050541451 -124835.9562889904 downlink 30.0
"2030-01-31 12:00:00.000" 53.49083731443913 -22.22331490287666 70.2057111294289 144981.7240877576 195295.1478504719 -135459.78598836128 downlink 30.0
"2030-01-31 18:00:00.000" 50.190079229277956 -25.459120428988303 71.70482199907316 187205.1160436225 -165336.62160612864 -144911.79302353077 downlink 30.0
"2030-02-01 00:00:00.000" 47.082355510229284 -28.70039401819197 73.44802147785445 -184333.93126123145 -177487.64170301566 -153239.61561149757 downlink 30.0
"2030-02-01 06:00:00.000" 44.11888288867622 -32.00890791056375 75.46064404516915 -166358.97279258203 201944.44671727542 -160489.1794360351 downlink 30.0
"2030-02-01 12:00:00.000" 41.249888682831205 -35.45349529775495 77.78929668038761 218149.02962178804 154006.57411606147 -166703.9948460343 downlink 30.0
"2030-02-01 18:00:00.000" 38.41523728770672 -39.113633850223735 80.50972822569682 140595.60662183477 -232936.12457116347 -171922.5209623843 downlink 30.0
"2030-02-02 00:00:00.000" 35.52839685566689 -43.08280498250216 83.7425445778172 -246298.47613225417 -126274.24050631032 -176178.77352373803 downlink 30.0
"2030-02-02 06:00:00.000" 32.4447847521338 -47.46978225181641 87.6846498961086 -111176.14476938371 258230.59416976434 -179504.98187963193 downlink 30.0
"2030-02-02 12:00:00.000" 28.892500561730824 -52.39272857675011 92.67657358115414 268728.6825011453 95422.37700948557 -181930.9050380009 downlink 30.0
"2030-02-02 18:00:00.000" 24.305438547225858 -57.9520825710152 99.36209410739929 79124.78744801218 -277790.7772698972 -183481.68763522097 downlink 30.0
"2030-02-03 00:00:00.000" 17.377909902999242 -64.14299443479341 109.11489036139345 -285415.0475563745 -62388.88340320788 -184179.3842194357 downlink 30.0
"2030-02-03 06:00:00.000" 4.793401846840226 -70.58362616381169 125.27249424477624 -45314.317775541356 291598.43458492495 -184045.45448536205 downlink 30.0
"2030-02-03 12:00:00.000" 338.875643324737 -75.66164922460668 155.42991120349959 296337.4964032781 27995.37640540895 -183099.36578113204 downlink 30.0
"2030-02-03 18:00:00.000" 299.4854385781486 -75.61838372175377 -160.50890193067545 10523.411271855712 -299629.08519964566 -181356.693789235 downlink 30.0
"2030-02-04 00:00:00.000" 272.50358288327584 -69.90110555829327 -128.79082312766494 -301468.9846340455 7011.10241342701 -178831.20216926988 downlink 30.0
"2030-02-04 06:00:00.000" 259.8851819359296 -62.186155081627355 -111.7573885144483 24518.651213334302 301850.88567457115 -175536.88675748688 downlink 30.0
"2030-02-04 12:00:00.000" 253.51924530956543 -54.510606547603196 -101.59151255599132 300767.4524023441 -41910.46918855983 -171485.97709718836 downlink 30.0
"2030-02-04 18:00:00.000" 249.71596806032971 -47.543703904224415 -94.74603830784741 -59096.28311491074 -298211.07169859204 -166687.4661618436 downlink 30.0
"2030-02-05 00:00:00.000" 247.0085975572697 -41.41796191943535 -89.77168878462507 -294172.6456952549 75982.37030848373 -161149.6464628719 downlink 30.0
"2030-02-05 06:00:00.000" 244.7667693579889 -36.062161727782765 -85.98669773498717 92471.4587871976 288640.8010124137 -154881.63883955302 downlink 30.0
"2030-02-05 12:00:00.000" 242.69772825860377 -31.34401496230708 -83.02367545645802 281603.01700945524 -108462.08336191083 -147891.06633941972 downlink 30.0
"2030-02-05 18:00:00.000" 240.65536736640917 -27.12879982295898 -80.66451615168471 -123845.93261469195 -273046.38867636706 -140183.27918166903 downlink 30.0
"2030-02-06 00:00:00.000" 238.56005938183588 -23.299111135082747 -78.77169161994655 -262956.7304151573 138505.36812266996 -131764.34604304083 downlink 30.0
"2030-02-06 06:00:00.000" 236.36238485144915 -19.758328139974896 -77.25587272747619 152312.24938475058 251318.25058071892 -122642.19752424397 downlink 30.0
"2030-02-06 12:00:00.000" 234.02553627392473 -16.428314527992303 -76.05918408795084 238114.97294634345 -165125.8285884015 -112824.50665088401 downlink 30.0
"2030-02-06 18:00:00.000" 231.51598233439054 -13.24573022597201 -75.14611272964997 -176788.56265271103 -223331.95299044903 -102319.17847095747 downlink 30.0
"2030-02-07 00:00:00.000" 228.7977417135921 -10.158577363938953 -74.49867960513645 -206955.54932429726 187121.60628049402 -91138.25648790166 downlink 30.0
"2030-02-07 06:00:00.000" 225.82798809324572 -7.1235056505694265 -74.1143681575165 195920.4894339184 188974.84713547042 -79299.60223216879 downlink 30.0
"2030-02-07 12:00:00.000" 222.55268082234863 -4.104059484823622 -74.00621948191919 169385.24087481105 -202948.8811510137 -66826.73550289137 downlink 30.0
"2030-02-07 18:00:00.000" 218.90124676963345 -1.0700698068600556 -74.20507275906562 -207929.51034869827 -148193.14924146674 -53752.95494200086 downlink 30.0
"2030-02-08 00:00:00.000" 214.77932580914728 2.001325613885878 -74.76442311468735 -125422.54259682646 210533.23229944444 -40129.46157653484 downlink 30.0
"2030-02-08 06:00:00.000" 210.0583692756224 5.1219131107809766 -75.76893812962945 210365.87277553667 101126.41316605834 -26033.201525221295 downlink 30.0
"2030-02-08 12:00:00.000" 204.5606203205071 8.283433065682594 -77.3483947385044 75406.22065101781 -206951.23782180363 -11578.098637104527 downlink 30.0
"2030-02-08 18:00:00.000" 198.0383225262028 11.438150421686741 -79.69952375811141 -199710.95040034133 -48443.37886649549 3062.392928885493 downlink 30.0
"2030-02-09 00:00:00.000" 190.14924166790945 14.457826767628607 -83.1179835439584 -20551.873846026716 187945.45560439088 17619.296242157812 downlink 30.0
"2030-02-09 06:00:00.000" 180.4448846368158 17.048286002290148 -88.03789316131437 170827.09987830408 -7732.927488605476 31675.782063204424 downlink 30.0
"2030-02-09 12:00:00.000" 168.4378593285385 18.57708334748064 -95.0605883652378 -35510.21309560336 -147436.19029995913 44587.34339409768 downlink 30.0
"2030-02-09 18:00:00.000" 153.96042061595665 17.74811919615078 -104.95617434177036 -116916.88171309102 61302.50345990672 55374.25577151176 downlink 30.0
"2030-02-10 00:00:00.000" 138.43709991765363 11.998478843409002 60.94398090294366 82830.40280557532 78898.77679068512 62642.7243953296 downlink 30.0
"2030-02-10 06:00:00.000" 130.63990701683286 -3.4655373529061113 35.1113023622195 34315.79386310592 -97044.46801892835 64716.3833916966 downlink 30.0
"2030-02-10 12:00:00.000" 156.5885026352905 -7.855503313849035 -29.871011435976985 -100970.89554498874 13716.602401688626 60259.200360829986 downlink 30.0
"2030-02-10 18:00:00.000" 152.88152340322915 10.732756439650021 -66.75264343219632 60246.14459607138 93423.71847926643 49246.795085737795 downlink 30.0
"2030-02-11 00:00:00.000" 134.38876415401216 15.37538749678023 95.6613033973094 75960.7436333139 -100679.398653172 33234.72710224063 downlink 30.0
"2030-02-11 06:00:00.000" 117.30399844809001 13.242407700812977 84.8265358138575 -132708.2603227939 -51771.167934749996 14428.871807048621 downlink 30.0
"2030-02-11 12:00:00.000" 103.79769851354212 8.589874591361337 78.38535702884774 -23952.56305326709 156205.46534623657 -5328.326592454056 downlink 30.0
"2030-02-11 18:00:00.000" 93.31934173990687 3.266343292607911 74.80424513633655 172133.337003709 -5261.795198839159 -24863.190477287953 downlink 30.0
"2030-02-12 00:00:00.000" 85.02284286747339 -2.0310601114841935 73.0359017457789 -34472.88208591079 -181723.9804686054 -43534.060433728264 downlink 30.0
"2030-02-12 06:00:00.000" 78.2605770441467 -7.095162367907346 72.44352887823801 -186121.38823037466 62859.621278874634 -61028.804296049995 downlink 30.0
"2030-02-12 12:00:00.000" 72.59240723504395 -11.909669809246353 72.65749540081605 89956.68130657615 186282.32576839207 -77219.57989328774 downlink 30.0
"2030-02-12 18:00:00.000" 67.72212676736922 -16.528481072170674 73.46810193977096 182978.44968791664 -115509.1750389729 -92074.47811968367 downlink 30.0
"2030-02-13 00:00:00.000" 63.44439843537843 -21.029996484231823 74.76243909387642 -139384.91140235472 -176827.35093259436 -105609.16122412891 downlink 30.0
"2030-02-13 06:00:00.000" 59.60858435248091 -25.501139912961364 76.49050226086341 -168325.07202050198 161522.61810328302 -117863.52301226929 downlink 30.0
"2030-02-13 12:00:00.000" 56.09345369148525 -30.032721926742674 78.64900748619428 181902.5990871314 157873.26545048688 -128888.42563663461 downlink 30.0
"2030-02-13 18:00:00.000" 52.78630991508856 -34.7184515831942 81.277037983079 145801.578207462 -200529.954953125 -138736.2367104531 downlink 30.0
"2030-02-14 00:00:00.000" 49.56010298038453 -39.65357305929095 84.46233506851185 -217423.49580077437 -132385.03143270995 -147457.34349882128 downlink 30.0
"2030-02-14 06:00:00.000" 46.239612307510505 -44.92955417463196 88.36221371422013 -117855.78922517825 232608.64649329017 -155100.72351506288 downlink 30.0
"2030-02-14 12:00:00.000" 42.539551285419265 -50.61965446432709 93.25264470826787 246114.46429769802 102411.7503953411 -161712.5045980028 downlink 30.0
"2030-02-14 18:00:00.000" 37.93424415062917 -56.746301518974334 99.6431603994044 86224.60990314244 -257972.22168625388 -167333.3616844109 downlink 30.0
"2030-02-15 00:00:00.000" 31.352217692868276 -63.211983426611965 108.56330911711925 -268213.0944006818 -69446.2822262441 -171999.60430908672 downlink 30.0
"2030-02-15 06:00:00.000" 20.418102102408785 -69.64483916479769 122.30132929276628 -52212.21969181186 276866.4319646626 -175745.60849014515 downlink 30.0
"2030-02-15 12:00:00.000" 0.0595598146117708 -75.00967706435385 145.78611648608364 283960.315518245 34643.87830190326 -178602.63606286322 downlink 30.0
"2030-02-15 18:00:00.000" 326.54898993860104 -77.04535724290572 -177.44852217873142 16852.4881533455 -289522.24064680975 -180597.00113868018 downlink 30.0
"2030-02-16 00:00:00.000" 295.3817093364738 -74.35997389451626 -143.11083713023513 -293577.9186902006 1057.814043935575 -181752.09477182146 downlink 30.0
"2030-02-16 06:00:00.000" 277.66572485892993 -69.0906583201342 -122.48663085184826 18989.278986713925 296150.3297361955 -182090.54301519544 downlink 30.0
"2030-02-16 12:00:00.000" 268.0831165839403 -63.2322761220502 -110.38136821342022 297260.89681838296 -36849.92446772598 -181632.39274794242 downlink 30.0
"2030-02-16 18:00:00.000" 262.26376596055815 -57.562564229022385 -102.48789542508626 -54551.046006151286 -296930.47067038337 -180393.65479186762 downlink 30.0
"2030-02-17 00:00:00.000" 258.2495577335047 -52.326922206154634 -96.86105111525312 -295178.26414615224 72005.12571479265 -178388.79462891695 downlink 30.0
"2030-02-17 06:00:00.000" 255.15711078142638 -47.57024563541221 -92.59926300806947 89125.90283463291 292021.0842655053 -175632.31769999675 downlink 30.0
"2030-02-17 12:00:00.000" 252.55530536962797 -43.260478762736255 -89.23859613932318 287474.63067441166 -105828.19439892074 -172136.43918869272 downlink 30.0
"2030-02-17 18:00:00.000" 250.2172296146991 -39.33926554784494 -86.51582060978897 -122025.70793539908 -281554.4895263381 -167910.12665488184 downlink 30.0
"2030-02-18 00:00:00.000" 248.0150367560495 -35.74355573884741 -84.26958916672527 -274275.16741611855 137629.17809050062 -162961.9051235913 downlink 30.0
"2030-02-18 06:00:00.000" 245.8716372435132 -32.414315998511974 -82.39523238132692 152546.38717233628 265649.53088051785 -157300.8206484205 downlink 30.0
"2030-02-18 12:00:00.000" 243.73685734254366 -29.299375679280345 -80.82221060524697 255690.19458354285 -166681.6978225168 -150933.86431243175 downlink 30.0
"2030-02-18 18:00:00.000" 241.5749048704827 -26.35369746664414 -79.502023958502 -179933.60166677745 -244410.58349089714 -143865.7054169323 downlink 30.0
"2030-02-19 00:00:00.000" 239.35735080558945 -23.538624720175804 -78.40137467413422 -231824.33594748753 192192.48379784074 -136101.7490331211 downlink 30.0
"2030-02-19 06:00:00.000" 237.05889048116842 -20.82081982485088 -77.49819424133536 203339.81049019 217945.29691364043 -127648.5968481213 downlink 30.0
"2030-02-19 12:00:00.000" 234.65449994880814 -18.17120862811557 -76.77937861106642 202789.344891983 -213246.5138314375 -118511.69304470299 downlink 30.0
"2030-02-19 18:00:00.000" 232.11722756675658 -15.56406482226869 -76.23966109693782 -221769.39388348575 -186376.07733697258 -108696.15271724614 downlink 30.0
"2030-02-20 00:00:00.000" 229.41614929585273 -12.976298266752222 -75.88136531044456 -168729.53751169643 228747.3953562431 -98210.35320547043 downlink 30.0
"2030-02-20 06:00:00.000" 226.51413309025807 -10.387004848789228 -75.71497968095709 233998.4270267616 149880.10789060834 -87066.60737947118 downlink 30.0
"2030-02-20 12:00:00.000" 223.3650719526697 -7.777379080479236 -75.76066173444376 129868.62641717619 -237314.68949260472 -75280.38604092506 downlink 30.0
"2030-02-20 18:00:00.000" 219.91018109058282 -5.131198298701922 -76.0509692680783 -238455.64361827742 -108751.54641718262 -62873.92826323047 downlink 30.0
"2030-02-21 00:00:00.000" 216.07281559342985 -2.436309432407332 -76.63538281823645 -86607.52442878328 237139.8884038645 -49882.693557980725 downlink 30.0
"2030-02-21 06:00:00.000" 211.75105566466877 0.31199507634033635 -77.5876060451507 233035.94544216045 63548.260454111674 -36360.36577092995 downlink 30.0
"2030-02-21 12:00:00.000" 206.80708962933042 3.1038675287275685 -79.0173225476935 39735.984470772164 -225750.48044630713 -22386.534202589723 downlink 30.0
"2030-02-21 18:00:00.000" 201.05252298412498 5.900143773527104 -81.08920557331588 -214814.46978295656 -15410.100414702345 -8083.756280085369 downlink 30.0
