downlinks.ecsv
# %ECSV 1.0
# ---
# datatype:
# - {name: start_time, datatype: string}
# - {name: target_coord.ra, unit: deg, datatype: float64}
# - {name: target_coord.dec, unit: deg, datatype: float64}
# - {name: roll, unit: deg, datatype: float64}
# - {name: observer_location.x, unit: km, datatype: float64}
# - {name: observer_location.y, unit: km, datatype: float64}
# - {name: observer_location.z, unit: km, datatype: float64}
# - {name: action, datatype: string}
# - {name: duration, unit: min, datatype: float64}
# meta: !!omap
# - __serialized_columns__:
#     duration:
#       __class__: astropy.units.quantity.Quantity
#       unit: !astropy.units.Unit {unit: min}
#       value: !astropy.table.SerializedColumn {name: duration}
#     observer_location:
#       __class__: astropy.coordinates.earth.EarthLocation
#       ellipsoid: WGS84
#       x: !astropy.table.SerializedColumn
#         __class__: astropy.units.quantity.Quantity
#         unit: &id001 !astropy.units.Unit {unit: km}
#         value: !astropy.table.SerializedColumn {name: observer_location.x}
#       y: !astropy.table.SerializedColumn
#         __class__: astropy.units.quantity.Quantity
#         unit: *id001
#         value: !astropy.table.SerializedColumn {name: observer_location.y}
#       z: !astropy.table.SerializedColumn
#         __class__: astropy.units.quantity.Quantity
#         unit: *id001
#         value: !astropy.table.SerializedColumn {name: observer_location.z}
#     roll:
#       __class__: astropy.units.quantity.Quantity
#       unit: &id002 !astropy.units.Unit {unit: deg}
#       value: !astropy.table.SerializedColumn {name: roll}
#     start_time:
#       __class__: astropy.time.core.Time
#       format: iso
#       in_subfmt: '*'
#       out_subfmt: '*'
#       precision: 3
#       scale: utc
#       value: !astropy.table.SerializedColumn {name: start_time}
#     target_coord:
#       __class__: astropy.coordinates.sky_coordinate.SkyCoord
#       dec: !astropy.table.SerializedColumn
#         __class__: astropy.coordinates.angles.core.Latitude
#         unit: *id002
#         value: !astropy.table.SerializedColumn {name: target_coord.dec}
#       frame: icrs
#       ra: !astropy.table.SerializedColumn
#         __class__: astropy.coordinates.angles.core.Longitude
#         unit: *id002
#         value: !astropy.table.SerializedColumn {name: target_coord.ra}
#         wrap_angle: !astropy.coordinates.Angle
#           unit: *id002
#           value: 360.0
#       representation_type: unitspherical
# schema: astropy-2.0
start_time target_coord.ra target_coord.dec roll observer_location.x observer_location.y observer_location.z action duration
[from data line 313]
"2030-03-20 06:00:00.000" 193.19925027468813 0.31290494676715136 -90.00742372309621 179757.3878099928 -100556.06979921681 488.5870514739081 downlink 30.0
"2030-03-20 12:00:00.000" 186.08555694247852 0.8267553575213991 -95.39716386050172 -113068.04262413277 -151811.13246808317 14203.487444493008 downlink 30.0
"2030-03-20 18:00:00.000" 178.15953417635376 -0.27736586469824476 76.5555887675935 -119672.41992595851 122215.67964087853 27510.88242083904 downlink 30.0
"2030-03-21 00:00:00.000" 170.61199648630154 -4.71892605304258 63.478760940515784 126660.80597622713 83248.20354810801 39809.15527592358 downlink 30.0
"2030-03-21 06:00:00.000" 168.99972217077536 -14.301313466247537 38.92844336361403 42888.385342607035 -124625.64291415727 50158.545743292234 downlink 30.0
"2030-03-21 12:00:00.000" 181.607792072982 -18.09546325287141 -3.793681669546914 -113988.54079261364 99.66719772393766 57175.41720701908 downlink 30.0
"2030-03-21 18:00:00.000" 183.96695816676478 -4.608255443568519 -37.4349528223299 42756.96378144361 92912.86649292475 59130.082912286096 downlink 30.0
"2030-03-22 00:00:00.000" 168.7831451195951 7.649697262045817 123.11538798167055 61299.07422003703 -80339.34191799401 54608.54801334738 downlink 30.0
"2030-03-22 06:00:00.000" 147.08915453876764 12.343911402675461 108.33433661775389 -108022.87444597232 -22055.14385348669 43620.13812086782 downlink 30.0
"2030-03-22 12:00:00.000" 126.31545064876454 10.087783397569835 97.67649631626806 19948.619757442433 123609.62238931413 27873.548861528103 downlink 30.0
"2030-03-22 18:00:00.000" 109.69135419989892 3.544951338830944 91.87885194859145 128066.85761461548 -60500.29136079201 9666.889357477454 downlink 30.0
"2030-03-23 00:00:00.000" 97.09786291525523 -5.179954708838617 90.3074963657498 -97285.80431330147 -123845.81547246527 -9194.08092585809 downlink 30.0
"2030-03-23 06:00:00.000" 87.33184626137457 -15.216632355228068 92.09506883004579 -113396.96637858775 129493.31459805116 -27632.024491041815 downlink 30.0
"2030-03-23 12:00:00.000" 79.08107508839265 -26.36675958139243 96.8365974682964 157094.92542734204 98646.57190211576 -45099.60484056338 downlink 30.0
"2030-03-23 18:00:00.000" 70.86370971052553 -38.429152755556764 104.70679883664539 80987.97987404108 -180381.8847866719 -61353.64932662348 downlink 30.0
"2030-03-24 00:00:00.000" 60.58816054231606 -50.624864634226164 116.61663488357506 -199739.9951477955 -61407.78172252974 -76310.29704624579 downlink 30.0
"2030-03-24 06:00:00.000" 45.043165268136555 -61.336822093227774 134.6427564094557 -40607.56429005606 215555.52464135818 -89966.8342027544 downlink 30.0
"2030-03-24 12:00:00.000" 20.777526916299923 -68.39649095606853 161.34591032185307 228181.7100849251 19093.416767984712 -102358.76609532686 downlink 30.0
"2030-03-24 18:00:00.000" 351.03262728521133 -70.28930955034988 -166.99020561705305 -2762.190491474157 -237930.76433101308 -113536.34174453451 downlink 30.0
"2030-03-25 00:00:00.000" 326.7680662683005 -68.18813065181777 -141.44547098296312 -245074.5944705747 24678.61274490899 -123555.03576055804 downlink 30.0
"2030-03-25 06:00:00.000" 310.8491341552793 -64.540851089416 -124.82398609373497 46440.063063513175 249848.6077174497 -132471.70407206033 downlink 30.0
"2030-03-25 12:00:00.000" 300.3053687233983 -60.69011950802059 -114.04465234630815 252457.5781953281 -67877.72440559865 -140340.05743545893 downlink 30.0
"2030-03-25 18:00:00.000" 292.74754536815044 -57.07283174543625 -106.61317054000183 -88856.21201902727 -253081.35827325447 -147208.14271824155 downlink 30.0
"2030-03-26 00:00:00.000" 286.9032964816816 -53.78122633875575 -101.17292896558283 -251878.40931663793 109263.78497432635 -153120.1670392147 downlink 30.0
"2030-03-26 06:00:00.000" 282.11010400532035 -50.80070014774526 -96.99839504968442 129006.78138646999 248988.61586155582 -158117.55776543645 downlink 30.0
"2030-03-26 12:00:00.000" 278.0039008311398 -48.089366142252864 -93.6798366350311 244537.21147013287 -148005.82349142295 -162236.73530388196 downlink 30.0
"2030-03-26 18:00:00.000" 274.3710160839994 -45.60320242116979 -90.97104735888215 -166191.46326814976 -238638.16481119968 -165508.72544789253 downlink 30.0
"2030-03-27 00:00:00.000" 271.077935192815 -43.30322848952227 -88.71565499495438 -231395.31829290703 183500.74529268095 -167962.11488355 downlink 30.0
"2030-03-27 06:00:00.000" 268.0363768124943 -41.15678928465111 -86.80963482707988 199876.24284375279 222903.28649856802 -169623.7229612791 downlink 30.0
"2030-03-27 12:00:00.000" 265.184937566262 -39.137019134521076 -85.1811278970125 213249.98506897464 -215265.39552399237 -170516.18296676406 downlink 30.0
"2030-03-27 18:00:00.000" 262.47890963767924 -37.22186979535905 -83.77898504978089 -229618.23467230212 -202518.78491061006 -170658.24883742575 downlink 30.0
"2030-03-28 00:00:00.000" 259.88434145298186 -35.39315611670102 -82.56595485454258 -190788.5630868983 242885.52423119257 -170067.84587158324 downlink 30.0
"2030-03-28 06:00:00.000" 257.3744077205873 -33.63574642003033 -81.51447026351859 255019.00778702094 178133.84762684393 -168761.94003929262 downlink 30.0
"2030-03-28 12:00:00.000" 254.92708976587355 -31.936912874513624 -80.60395801225917 164626.8177218304 -265971.5259315399 -166753.96746243132 downlink 30.0
"2030-03-28 18:00:00.000" 252.52362577423054 -30.28582293684406 -79.81907949477156 -275695.27601774887 -150338.98190744224 -164054.74049515757 downlink 30.0
"2030-03-29 00:00:00.000" 250.1474254963739 -28.673146341282894 -79.14856605020702 -135340.9148867862 284140.4059336702 -160675.35568428106 downlink 30.0
"2030-03-29 06:00:00.000" 247.7832690481431 -27.09075490693502 -78.58445119127494 291255.5188363075 119702.30633309887 -156626.31905307877 downlink 30.0
"2030-03-29 12:00:00.000" 245.4166780371826 -25.531497878643545 -78.12158264380216 103493.89953845683 -296987.8505433694 -151915.0836505368 downlink 30.0
"2030-03-29 18:00:00.000" 243.03338556674058 -23.989041521133736 -77.75734596468537 -301281.6143837375 -86789.151860552 -146547.56649706757 downlink 30.0
"2030-03-30 00:00:00.000" 240.61885299740499 -22.457767919900785 -77.4915637015795 -69664.23660308642 304076.674175599 -140530.79519701397 downlink 30.0
"2030-03-30 06:00:00.000" 238.15779244393445 -20.93273485050389 -77.3265579379338 305308.87595459644 52198.57963569568 -133871.47207439123 downlink 30.0
"2030-03-30 12:00:00.000" 235.6336585114045 -19.409707310491818 -77.26738515857572 34477.259471201 -304909.91860663256 -126573.9550658764 downlink 30.0
"2030-03-30 18:00:00.000" 233.0280725342893 -17.885283739681725 -77.32227517801718 -302805.565715108 -16593.295356219784 -118642.46817788595 downlink 30.0
"2030-03-31 00:00:00.000" 230.32013855544093 -16.357159381586673 -77.50333538547703 1351.1629970388485 298914.18245876074 -110083.53253943678 downlink 30.0
"2030-03-31 06:00:00.000" 227.48560331908283 -14.824601576736045 -77.82762491503829 293146.5844646607 -19242.670743102015 -100904.42007375446 downlink 30.0
"2030-03-31 12:00:00.000" 224.49580442505595 -13.289268108638709 -78.31877246157305 -36952.2596560536 -285405.347011264 -91112.24028034668 downlink 30.0
"2030-03-31 18:00:00.000" 221.31634685081383 -11.756601592990119 -79.00942819143125 -275582.8215540236 54330.64133712897 -80717.38219076181 downlink 30.0
"2030-04-01 00:00:00.000" 217.90546394023858 -10.238223733715234 -79.94504723775773 71203.11109159132 263559.6178993988 -69736.55157894525 downlink 30.0
"2030-04-01 06:00:00.000" 214.21209974166578 -8.756123987903269 -81.18988821660551 249204.26600405085 -87361.99778990251 -58192.82481458708 downlink 30.0
"2030-04-01 12:00:00.000" 210.17402532369857 -7.350185521733948 -82.83687161735743 -102555.41452309865 -232372.93550753535 -46118.40484435053 downlink 30.0
"2030-04-01 18:00:00.000" 205.71715875146512 -6.092163402262153 -85.02455163027322 -212909.64986685108 116472.46983392474 -33562.81476472744 downlink 30.0
"2030-04-02 00:00:00.000" 200.75990365533698 -5.112656506845969 -87.96815734789807 128723.3650189417 190649.6866589257 -20602.343853686438 downlink 30.0
"2030-04-02 06:00:00.000" 195.23480052037786 -4.655217815312193 -92.02114180149822 165429.10284273338 -138810.90895939022 -7351.760642621013 downlink 30.0
"2030-04-02 12:00:00.000" 189.16889730314978 -5.18749246293632 82.18871421921254 -146090.71695740437 -137105.37006019973 6012.8857892074575 downlink 30.0
"2030-04-02 18:00:00.000" 182.9727374645122 -7.614441620918252 73.41320842918914 -105601.46408109927 149718.69833427417 19214.89105058719 downlink 30.0
"2030-04-03 00:00:00.000" 178.49055836281633 -13.434375444005605 58.7921051390494 148588.59841891367 70997.9940619718 31817.95274298294 downlink 30.0
"2030-04-03 06:00:00.000" 181.66722085671697 -22.26449750629353 31.9531589826805 33716.870527425126 -141283.14258691578 43138.137646131196 downlink 30.0
"2030-04-03 12:00:00.000" 194.21324655418306 -22.11913577199986 -6.6230813191631555 -126125.72037829197 5140.588557322686 52130.003291055844 downlink 30.0
"2030-04-03 18:00:00.000" 195.181198160779 -9.309218584430521 -34.09289828662437 43288.94026069924 101554.11536408236 57329.051546118855 downlink 30.0
"2030-04-04 00:00:00.000" 181.86999436298578 3.457208187779577 129.3594395727536 67131.89763238205 -76910.59600159661 57100.19255051668 downlink 30.0
"2030-04-04 06:00:00.000" 160.97617889236983 10.921164747171577 115.80876067382303 -101430.81366710625 -24941.727101782035 50466.81307022734 downlink 30.0
"2030-04-04 12:00:00.000" 138.3826812129784 11.376590755741525 104.45569464984479 20362.65286017142 113849.2563604469 38032.61488675919 downlink 30.0
"2030-04-04 18:00:00.000" 118.79044117144821 5.783133139099024 97.49359255307098 114393.2334642123 -63848.43845138883 21751.53256924367 downlink 30.0
"2030-04-05 00:00:00.000" 103.51758232044175 -3.884780498231413 95.83930942795087 -102457.62379181507 -105542.77106378488 3731.9039482442668 downlink 30.0
"2030-04-05 06:00:00.000" 91.39814757809744 -16.561664981426148 99.3839285660949 -90173.42984922104 135126.45193521547 -14528.247463401687 downlink 30.0
"2030-04-05 12:00:00.000" 80.03572448128726 -31.718321233766304 108.4414104461442 161931.63754693122 70613.6883965995 -32178.36616628904 downlink 30.0
"2030-04-05 18:00:00.000" 65.60980448184587 -47.50725550108614 124.39225122457235 48515.1789003412 -183398.04058475568 -48797.51429964717 downlink 30.0
"2030-04-06 00:00:00.000" 43.23762416121218 -59.878173803084735 149.48438692539546 -200152.88592141264 -24999.51390441085 -64205.6413460944 downlink 30.0
"2030-04-06 06:00:00.000" 13.001503626261773 -65.36788113354805 -178.10943072261134 -824.4094304974856 212790.0696939178 -78349.58858419741 downlink 30.0
"2030-04-06 12:00:00.000" 345.59025483799127 -64.86885675729157 -149.54781887191422 221829.83280598168 -23492.866122931962 -91238.68678353188 downlink 30.0
"2030-04-06 18:00:00.000" 326.7781038121979 -61.86761076105696 -130.44732008294093 -47592.65191508244 -227715.54894330347 -102910.05180190917 downlink 30.0
"2030-04-07 00:00:00.000" 314.1609222189232 -58.417350429279246 -118.14427194683309 -230821.7469055563 71219.06622107809 -113413.26384632033 downlink 30.0
"2030-04-07 06:00:00.000" 305.0672279728802 -55.15434878288739 -109.76432120822581 94186.28202039308 231464.5826886506 -122802.95336793193 downlink 30.0
"2030-04-07 12:00:00.000" 298.01889397942483 -52.20208328457585 -103.69376943724623 229912.94797595678 -116357.00318750164 -131132.32329364878 downlink 30.0
"2030-04-07 18:00:00.000" 292.2448852164727 -49.54431037550787 -99.07502720719718 -137627.13419301595 -226398.1951368232 -138450.1331677106 downlink 30.0
"2030-04-08 00:00:00.000" 287.3209196428912 -47.13558564470942 -95.42920716852711 -221120.76955544844 157915.13125181725 -144802.1888328555 downlink 30.0
"2030-04-08 06:00:00.000" 282.9962868790643 -44.93098014725347 -92.47128509445548 177156.0049968515 214255.32431059636 -150231.62216225927 downlink 30.0
"2030-04-08 12:00:00.000" 279.11257634342877 -42.89271227090287 -90.0214788922008 205956.27856616152 -195297.4072588175 -154776.39128895957 downlink 30.0
"2030-04-08 18:00:00.000" 275.56369700703874 -40.99042863984745 -87.96072453212629 -212295.40204430174 -196362.4438148306 -158469.3412563697 downlink 30.0
"2030-04-09 00:00:00.000" 272.2749843097911 -39.1999837818609 -86.2069700646023 -185599.18378958516 228111.20539053573 -161341.14481632627 downlink 30.0
"2030-04-09 06:00:00.000" 269.19161495227615 -37.50209414203104 -84.70183655516257 242710.35178793856 173780.0858989958 -163420.36773505152 downlink 30.0
"2030-04-09 12:00:00.000" 266.2718237813906 -35.88120832034177 -83.40273567464102 161010.0207781446 -256062.1991532809 -164731.0618450508 downlink 30.0
"2030-04-09 18:00:00.000" 263.4827324932589 -34.324633482244096 -82.27801183608807 -268137.89688131824 -147387.72777055603 -165293.6490933034 downlink 30.0
"2030-04-10 00:00:00.000" 260.79766771497975 -32.8218797942057 -81.30384133556845 -133006.2733548971 278908.74510909687 -165127.85872331544 downlink 30.0
"2030-04-10 06:00:00.000" 258.1943640885459 -31.36417388633541 -80.46219674354624 288346.5945469205 117953.51170229414 -164251.9995852579 downlink 30.0
"2030-04-10 12:00:00.000" 255.6537117045942 -29.944099663825 -79.73948357778373 102314.28789564507 -296424.1378953051 -162680.56964758944 downlink 30.0
"2030-04-10 18:00:00.000" 253.15884738428824 -28.555335165747135 -79.12561848010229 -303113.4007528413 -86172.29751814422 -160425.7522537012 downlink 30.0
"2030-04-11 00:00:00.000" 250.69446680034795 -27.19246355894959 -78.61341013837331 -69610.01911751057 308384.55329596455 -157500.08127534422 downlink 30.0
"2030-04-11 06:00:00.000" 248.24627859460145 -25.850844046802916 -78.19815881757876 312206.60145171545 52708.90842526179 -153915.0074844842 downlink 30.0
"2030-04-11 12:00:00.000" 245.80054742589044 -24.52653490495437 -77.87742463131549 35551.41628776633 -314547.7899128919 -149678.75865078223 downlink 30.0
"2030-04-11 18:00:00.000" 243.34368808496117 -23.2162667355213 -77.65093792379399 -315374.23329284246 -18222.722421764578 -144798.3985167007 downlink 30.0
"2030-04-12 00:00:00.000" 240.8618816115968 -21.91747020093132 -77.52064284053749 -810.8128468270829 314648.8912648085 -139282.10143162592 downlink 30.0
"2030-04-12 06:00:00.000" 238.34068914539682 -20.62837006935303 -77.49088109540625 312332.22522346355 -16592.957190999663 -133137.21889728258 downlink 30.0
"2030-04-12 12:00:00.000" 235.76464151323538 -19.34816796204577 -77.56874029065224 -33891.49112901585 -308382.47303031926 -126368.67447341807 downlink 30.0
"2030-04-12 18:00:00.000" 233.1167833437041 -18.077352256952757 -77.76461349478477 -302754.35491783515 50979.71885135811 -118981.5868489188 downlink 30.0
