downlinks.ecsv
# %ECSV 1.0
# ---
# datatype:
# - {name: start_time, datatype: string}
# - {name: target_coord.ra, unit: deg, datatype: float64}
# - {name: target_coord.dec, unit: deg, datatype: float64}
# - {name: roll, unit: deg, datatype: float64}
# - {name: observer_location.x, unit: km, datatype: float64}
# - {name: observer_location.y, unit: km, datatype: float64}
# - {name: observer_location.z, unit: km, datatype: float64}
# - {name: action, datatype: string}
# - {name: duration, unit: min, datatype: float64}
# meta: !!omap
# - __serialized_columns__:
#     duration:
#       __class__: astropy.units.quantity.Quantity
#       unit: !astropy.units.Unit {unit: min}
#       value: !astropy.table.SerializedColumn {name: duration}
#     observer_location:
#       __class__: astropy.coordinates.earth.EarthLocation
#       ellipsoid: WGS84
#       x: !astropy.table.SerializedColumn
#         __class__: astropy.units.quantity.Quantity
#         unit: &id001 !astropy.units.Unit {unit: km}
#         value: !astropy.table.SerializedColumn {name: observer_location.x}
#       y: !astropy.table.SerializedColumn
#         __class__: astropy.units.quantity.Quantity
#         unit: *id001
#         value: !astropy.table.SerializedColumn {name: observer_location.y}
#       z: !astropy.table.SerializedColumn
#         __class__: astropy.units.quantity.Quantity
#         unit: *id001
#         value: !astropy.table.SerializedColumn {name: observer_location.z}
#     roll:
#       __class__: astropy.coordinates.angles.core.Angle
#       unit: &id002 !astropy.units.Unit {unit: deg}
#       value: !astropy.table.SerializedColumn {name: roll}
#     start_time:
#       __class__: astropy.time.core.Time
#       format: iso
#       in_subfmt: '*'
#       out_subfmt: '*'
#       precision: 3
#       scale: utc
#       value: !astropy.table.SerializedColumn {name: start_time}
#     target_coord:
#       __class__: astropy.coordinates.sky_coordinate.SkyCoord
#       dec: !astropy.table.SerializedColumn
#         __class__: astropy.coordinates.angles.core.Latitude
#         unit: *id002
#         value: !astropy.table.SerializedColumn {name: target_coord.dec}
#       frame: icrs
#       ra: !astropy.table.SerializedColumn
#         __class__: astropy.coordinates.angles.core.Longitude
#         unit: *id002
#         value: !astropy.table.SerializedColumn {name: target_coord.ra}
#         wrap_angle: !astropy.coordinates.Angle
#           unit: *id002
#           value: 360.0
#       representation_type: unitspherical
# schema: astropy-2.0
start_time target_coord.ra target_coord.dec roll observer_location.x observer_location.y observer_location.z action duration
[from data line 1985]
"2031-05-12 06:00:00.000" 286.6962910570366 16.948416346940576 61.387780546247285 102016.3992422413 -302794.1017043499 -38275.4959362159 downlink 30.0
"2031-05-12 12:00:00.000" 281.17396937721486 20.812915109982033 56.70399103065937 -301813.98231205606 -81126.49686193175 -35519.314258868086 downlink 30.0
"2031-05-12 18:00:00.000" 273.9821916399943 25.799093278576706 49.61495724590236 -59757.65595730972 298808.51094206556 -32556.858934775228 downlink 30.0
"2031-05-13 00:00:00.000" 263.7685446650905 31.830275554362007 38.51934018838054 293644.03408924077 38030.14880466306 -29391.540299731154 downlink 30.0
"2031-05-13 06:00:00.000" 248.59054974806057 37.698034454922464 21.38019047717222 16085.153966836866 -286172.9492712568 -26025.864264858123 downlink 30.0
"2031-05-13 12:00:00.000" 228.35399932774357 40.45535270913624 -1.470864536795375 -276231.48989309353 5908.475702302416 -22464.135973796478 downlink 30.0
"2031-05-13 18:00:00.000" 208.20051289202806 38.3556120562503 -23.86622967333335 27745.32297943471 263637.7408980386 -18715.186148533434 downlink 30.0
"2031-05-14 00:00:00.000" 192.58964732469443 33.67146863450342 -40.40727269708054 248190.43157670464 -49170.83553300829 -14791.524389996664 downlink 30.0
"2031-05-14 06:00:00.000" 180.86447739929616 29.054178755377073 -51.418488225863314 -69863.39015448582 -229668.9437276057 -10710.141867266539 downlink 30.0
"2031-05-14 12:00:00.000" 171.06631411343434 25.437429467494585 -58.907332230662405 -207836.30995612103 89409.07710103574 -6498.168369203547 downlink 30.0
"2031-05-14 18:00:00.000" 161.82150542134815 22.84680448691487 -64.34659242159967 107265.9877701101 182449.2896191541 -2198.804245173063 downlink 30.0
"2031-05-15 00:00:00.000" 152.25896281681983 21.083238301765526 -68.6138686673163 153283.05486293745 -122713.74816524594 2122.9630420969547 downlink 30.0
"2031-05-15 06:00:00.000" 141.72625600096902 19.937109601213887 -72.23402669229046 -134785.3506907288 -120185.37307048675 6367.762666298009 downlink 30.0
"2031-05-15 12:00:00.000" 129.62024214862527 19.21897643130224 -75.52969066946935 -83189.32777145645 142185.8111325427 10380.14802258099 downlink 30.0
"2031-05-15 18:00:00.000" 115.32615273726535 18.74423769780234 -78.66489608500399 143229.07715645593 42733.17884733601 13922.750326788386 downlink 30.0
"2031-05-16 00:00:00.000" 185.61738839507896 -7.9989867348893915 108.52825347092443 39.732839064739785 -135899.87187883919 16653.21240201284 downlink 30.0
"2031-05-16 06:00:00.000" 166.39409214339452 -6.017275843227699 108.11862570781065 -118283.48235033528 42396.14733422533 18132.64156909265 downlink 30.0
"2031-05-16 12:00:00.000" 144.20384520364397 -6.347640196631715 108.75876939594879 80642.93312619584 89618.69462727942 17936.32147331198 downlink 30.0
"2031-05-16 18:00:00.000" 119.06483507287096 -13.390211699645103 115.17580539292663 51550.69548277899 -110320.73816000625 15890.170115890713 downlink 30.0
"2031-05-17 00:00:00.000" 73.04321315556335 -37.326010304539345 158.09478287736047 -128648.94880645021 -8075.134807282261 12238.566338388555 downlink 30.0
"2031-05-17 06:00:00.000" 8.019267650989656 -30.743835735367245 -132.75650585815197 36320.61891560126 135577.55221298445 7515.201336964564 downlink 30.0
"2031-05-17 12:00:00.000" 344.7422214487065 -23.056354390942477 -116.35212887399534 132959.5382892428 -78397.57765912829 2264.6699562010585 downlink 30.0
"2031-05-17 18:00:00.000" 329.80890413581693 -20.60657264886595 -110.10337958989696 -116487.73372119885 -123152.52742821748 -3113.707442264089 downlink 30.0
"2031-05-18 00:00:00.000" 318.1571836995529 -19.674103014594397 -106.55818595606013 -108231.53549485929 150010.25574784086 -8376.281497541373 downlink 30.0
"2031-05-18 06:00:00.000" 308.5514667398161 -19.247158926730982 -104.16115770404977 178956.5034131388 89790.63583920864 -13390.077644811432 downlink 30.0
"2031-05-18 12:00:00.000" 300.40209707569704 -19.012638818475917 -102.39952362932709 68994.53772785662 -203568.91215796172 -18087.435244133292 downlink 30.0
"2031-05-18 18:00:00.000" 293.3435888952995 -18.86138816118189 -101.04882592489932 -224177.00314514176 -46684.353717898164 -22437.768472062395 downlink 30.0
"2031-05-19 00:00:00.000" 287.125830058921 -18.752942276800653 -99.99072725547903 -23471.123240308403 241122.07240602275 -26432.736014495757 downlink 30.0
"2031-05-19 06:00:00.000" 8.623573324682337 8.671284115012226 71.10293712339036 254726.09220746995 -195.0776471369736 -30075.43144207273 downlink 30.0
"2031-05-19 12:00:00.000" 3.8195282496426866 8.05040121464922 71.19209245845163 -23976.713429851312 -265281.1619166953 -33373.04349267891 downlink 30.0
"2031-05-19 18:00:00.000" 359.39167339719717 7.566574078751752 71.249667896281 -273047.6813051537 47615.483717813164 -36335.609942445226 downlink 30.0
"2031-05-20 00:00:00.000" 355.2706264432516 7.200155847440656 71.27631973223917 70909.78671392138 278256.17306605604 -38976.049675363975 downlink 30.0
"2031-05-20 06:00:00.000" 351.40103320255895 6.9374884072588925 71.27085283405005 281110.80051458185 -93699.23191153182 -41307.05407725129 downlink 30.0
"2031-05-20 12:00:00.000" 347.73795709597744 6.769299377268958 71.23080492426172 -115853.4145228201 -281793.153688799 -43339.2061963588 downlink 30.0
"2031-05-20 18:00:00.000" 344.24422125612926 6.6897227043730725 71.15264461002603 -280465.3602083238 137263.8333646857 -45083.245336050495 downlink 30.0
"2031-05-21 00:00:00.000" 340.8884203628157 6.695709980066317 71.03176044380481 157838.46115359847 277272.81159629417 -46550.968257802226 downlink 30.0
"2031-05-21 06:00:00.000" 337.64339461614355 6.786708819137529 70.86231167575542 272347.0025678457 -177497.81902517003 -47752.395780494415 downlink 30.0
"2031-05-21 12:00:00.000" 334.48501300091283 6.96454342955937 70.6369597390318 -196171.5791642887 -265808.0001712546 -48695.106307418544 downlink 30.0
"2031-05-21 18:00:00.000" 331.39114846024063 7.23346789483035 70.34646895835753 -257766.06185752215 213795.93140757352 -49387.21499203938 downlink 30.0
"2031-05-22 00:00:00.000" 328.3407464796712 7.60038725377101 69.97914008968161 230312.03277799184 248323.02258728663 -49837.686085733505 downlink 30.0
"2031-05-22 06:00:00.000" 325.312892172393 8.075261688077967 69.52001210481593 237574.0300261661 -245664.8014772722 -50053.29755397382 downlink 30.0
"2031-05-22 12:00:00.000" 322.2857676558039 8.671728617004012 68.94972820595089 -259801.42299136557 -225609.0639828352 -50038.77099219099 downlink 30.0
"2031-05-22 18:00:00.000" 319.23535502004177 9.40799791862196 68.24290104647291 -212513.75851115113 272670.1149305479 -49799.91848239424 downlink 30.0
"2031-05-23 00:00:00.000" 316.1336672472718 10.308095597620959 67.36571315384847 284219.6075734801 198370.19734047167 -49343.21290577147 downlink 30.0
"2031-05-23 06:00:00.000" 312.94615319563655 11.403542717494158 66.27232358916761 183258.21916780862 -294398.65309551696 -48672.734762004344 downlink 30.0
"2031-05-23 12:00:00.000" 309.62767235733344 12.735531862174321 64.89937261356837 -303155.0376424842 -167256.61325288672 -47791.03348033583 downlink 30.0
"2031-05-23 18:00:00.000" 306.11597514807136 14.357523700465277 63.15740156616343 -150443.7560705625 310434.7232634572 -46702.16978626242 downlink 30.0
"2031-05-24 00:00:00.000" 302.3207892074201 16.337714459552483 60.91721562606433 316181.5631121055 132898.3739735736 -45410.58443820345 downlink 30.0
"2031-05-24 06:00:00.000" 298.10516855947316 18.75944998263636 57.988011183668746 114700.91446854854 -320336.9220888359 -43918.27615722282 downlink 30.0
"2031-05-24 12:00:00.000" 293.25367849822646 21.71396986862362 54.08277389989563 -322838.7600354491 -95934.92217773934 -42226.344549718386 downlink 30.0
"2031-05-24 18:00:00.000" 287.42105683045475 25.27088109538541 48.76758345971706 -76688.06179095223 323620.80231032 -40337.71979772491 downlink 30.0
"2031-05-25 00:00:00.000" 280.06600939843486 29.394210839637832 41.40705496933836 322612.17355565756 57053.47660921478 -38255.45306406691 downlink 30.0
"2031-05-25 06:00:00.000" 270.4394512821584 33.75881120593914 31.189600822714766 37131.92366129767 -319736.87729781406 -35980.4011487476 downlink 30.0
"2031-05-25 12:00:00.000" 257.8903188903044 37.50800995754599 17.50829043809685 -314912.7901728777 -17034.195475916404 -33513.4068802308 downlink 30.0
"2031-05-25 18:00:00.000" 242.82466808288638 39.35634467124446 1.0043465037778958 3116.332814786049 308050.7637849559 -30857.587357479624 downlink 30.0
"2031-05-26 00:00:00.000" 227.3825088367752 38.55511150654004 -15.766809806920946 299054.1454327258 -23180.276515279344 -28016.316803431437 downlink 30.0
"2031-05-26 06:00:00.000" 213.8582164925527 35.72567949006844 -30.0807321695155 -42997.4185249627 -287818.2576808564 -24991.831003463267 downlink 30.0
"2031-05-26 12:00:00.000" 202.87242661720148 32.142904856776696 -41.0439728775973 -274229.7698853439 62380.61724526757 -21788.16153936225 downlink 30.0
"2031-05-26 18:00:00.000" 193.83019926713723 28.716180045190395 -49.15650499200473 81108.08142783593 258166.70754132053 -18413.18861341219 downlink 30.0
"2031-05-27 00:00:00.000" 185.92952722190535 25.821083818356442 -55.22218846242862 239499.72662637712 -98912.8040017167 -14877.166217495705 downlink 30.0
"2031-05-27 06:00:00.000" 178.53312721077666 23.527512448097408 -59.89892467675406 -115467.99442054736 -218095.1409888256 -11193.459723020589 downlink 30.0
"2031-05-27 12:00:00.000" 171.1741458517899 21.787610705034616 -63.64891523153483 -193821.31767978932 130367.43869471297 -7383.5392915860975 downlink 30.0
"2031-05-27 18:00:00.000" 163.48402084272857 20.52437498610572 -66.78894089720984 143098.950781731 166561.89158412156 -3481.0472887968476 downlink 30.0
"2031-05-28 00:00:00.000" 155.12667202224094 19.662962110892863 -69.5413153352323 136241.57022862768 -153008.65773589106 464.88820975597315 downlink 30.0
"2031-05-28 06:00:00.000" 145.74809691561214 19.13698815490512 -72.06708550714478 -159255.43203558028 -102874.99122374725 4380.3663824029845 downlink 30.0
"2031-05-28 12:00:00.000" 134.93908980859868 18.885165684769877 -74.47874795076893 -66657.84699178251 160760.3617326488 8150.632368431043 downlink 30.0
"2031-05-28 18:00:00.000" 122.21950590217185 18.84815589315785 -76.82256376378314 156173.0602696847 28130.970318499778 11601.27312166029 downlink 30.0
"2031-05-29 00:00:00.000" 193.45387030842028 -10.396699994127504 109.3197309315485 -11548.613146332997 -143921.4972341015 14477.088404363058 downlink 30.0
"2031-05-29 06:00:00.000" 176.00031081657633 -8.945075953190909 109.68152361541543 -122498.44337974145 50247.14483165795 16429.763443139116 downlink 30.0
"2031-05-29 12:00:00.000" 155.19656037820707 -9.51771122024063 111.36372997207408 84637.3771456609 91193.54718521473 17060.54761690466 downlink 30.0
"2031-05-29 18:00:00.000" 129.89694902425722 -16.533363436499915 119.3256147100625 51172.33849297244 -110722.26518817745 16072.340261755704 downlink 30.0
"2031-05-30 00:00:00.000" 79.88072827503164 -37.90468712393699 165.45754238269848 -125454.65334595955 -5911.85764212107 13472.605916171526 downlink 30.0
"2031-05-30 06:00:00.000" 17.811405863987304 -28.90231443672902 -131.61913562984873 40049.05424927598 128271.39728342734 9613.403077252602 downlink 30.0
"2031-05-30 12:00:00.000" 353.64420868027753 -21.738002043295307 -116.52894148500542 120899.48688339103 -83047.58811586135 4997.967279923811 downlink 30.0
"2031-05-30 18:00:00.000" 337.42511108161096 -19.673699258931457 -110.71974308194471 -121111.32338364447 -105960.74245361412 67.64511835857424 downlink 30.0
"2031-05-31 00:00:00.000" 324.65444562029813 -19.07103791064661 -107.43868740505701 -85887.36974081663 153612.1056013381 -4877.942989991896 downlink 30.0
"2031-05-31 06:00:00.000" 314.1401385462875 -18.931200341889184 -105.2431983007734 180655.22777484637 62552.73737758677 -9662.742697036108 downlink 30.0
"2031-05-31 12:00:00.000" 305.26557911919076 -18.95252587735079 -103.65948866014132 37294.02695793777 -202653.1333168635 -14191.055676212454 downlink 30.0
"2031-05-31 18:00:00.000" 297.6286917319196 -19.03716165225985 -102.48073336022827 -220104.9974663378 -11041.837319863878 -18415.218635361838 downlink 30.0
"2031-06-01 00:00:00.000" 17.102736690330516 10.949490779813166 70.47630432695844 15556.976601445762 233500.31177178404 -22316.486564430284 downlink 30.0
"2031-06-01 06:00:00.000" 11.367972823654227 10.325588843567086 70.37325524190786 243283.57041296476 -42048.29463446756 -25891.21534616682 downlink 30.0
"2031-06-01 12:00:00.000" 6.165647152769061 9.879258810407867 70.23075586583955 -68108.27394702162 -249845.9527472252 -29142.163921866068 downlink 30.0
"2031-06-01 18:00:00.000" 1.3899612637520224 9.584600293699083 70.04699817435251 -253527.53657839663 93501.5928228943 -32076.546609263118 downlink 30.0
"2031-06-02 00:00:00.000" 356.95806276841137 9.424562410867335 69.81733084820544 118053.95411825777 254623.12096770093 -34705.15492347387 downlink 30.0
"2031-06-02 06:00:00.000" 352.80380946023 9.388488215590892 69.53517986314145 253389.0997452285 -141633.7781447111 -37038.75295591052 downlink 30.0
"2031-06-02 12:00:00.000" 348.8731809692014 9.47068474701489 69.19222195613237 -164139.46787575597 -250049.93007245316 -39086.48404178376 downlink 30.0
"2031-06-02 18:00:00.000" 345.1208506748335 9.669611961670906 68.77817584232416 -244803.37407275144 185490.55017559216 -40858.18256981355 downlink 30.0
"2031-06-03 00:00:00.000" 341.5075345164346 9.987485336132485 68.28033398687673 205621.8497238298 237824.86492450355 -42364.708957673254 downlink 30.0
"2031-06-03 06:00:00.000" 337.9978204724187 10.430186165033406 67.68284716227241 229271.56174604676 -224479.42031986645 -43615.01288247262 downlink 30.0
"2031-06-03 12:00:00.000" 334.55823608821026 11.00742646870379 66.96570820184178 -242017.19173949864 -219285.75518154775 -44616.01197391789 downlink 30.0
"2031-06-03 18:00:00.000" 331.15532907165016 11.733143075539306 66.10332345060542 -207997.25348011075 258194.45053911 -45375.57093009133 downlink 30.0
"2031-06-04 00:00:00.000" 327.75351455858964 12.62610281556508 65.06248984677975 272974.3982166254 195525.36810396388 -45902.22053216337 downlink 30.0
"2031-06-04 06:00:00.000" 324.31237292212046 13.710679807498826 63.799495306420226 181981.07985268527 -286323.0822705793 -46202.180594108 downlink 30.0
"2031-06-04 12:00:00.000" 320.7829452338732 15.017689576022095 62.255911951506675 -298208.094463378 -167468.90573226134 -46280.08786772597 downlink 30.0
"2031-06-04 18:00:00.000" 317.1023420052112 16.584969058580473 60.35243931987132 -152088.043856456 308597.524799787 -46142.00364992265 downlink 30.0
"2031-06-05 00:00:00.000" 313.1856315264616 18.45693711905216 57.97988581973361 317459.5918152391 135933.43133559547 -45794.37241248828 downlink 30.0
"2031-06-05 06:00:00.000" 308.91355867387847 20.681375583974692 54.98617003291929 119097.2301231062 -324762.3149441977 -45241.16091910863 downlink 30.0
"2031-06-05 12:00:00.000" 304.1145552759041 23.29964716072426 51.15859672139942 -330472.7385553544 -101670.1809089198 -44485.300215459196 downlink 30.0
"2031-06-05 18:00:00.000" 298.54133191147304 26.323000342653966 46.203389090008216 -83742.41325884189 334556.2891343529 -43531.44762026031 downlink 30.0
"2031-06-06 00:00:00.000" 291.85113932126734 29.683464132806083 39.7346471821059 336976.68459968426 65404.352420187104 -42384.2737112496 downlink 30.0
"2031-06-06 06:00:00.000" 283.6261141326676 33.15126837147901 31.313299146301063 46748.17920106734 -337695.7817914555 -41045.954123939235 downlink 30.0
"2031-06-06 12:00:00.000" 273.52272328245897 36.247872293958785 20.626672986339543 -336672.9537492199 -27869.284962324808 -39518.22848911824 downlink 30.0
"2031-06-06 18:00:00.000" 261.63721825318976 38.280665902663976 7.885450401162615 -8867.386448744628 333864.5868759962 -37804.729603541324 downlink 30.0
"2031-06-07 00:00:00.000" 248.86322860346704 38.66381956653115 -5.814012512535896 329224.0632065138 -10152.05908990391 -35908.77259097806 downlink 30.0
