downlinks.ecsv
# %ECSV 1.0
# ---
# datatype:
# - {name: start_time, datatype: string}
# - {name: target_coord.ra, unit: deg, datatype: float64}
# - {name: target_coord.dec, unit: deg, datatype: float64}
# - {name: roll, unit: deg, datatype: float64}
# - {name: observer_location.x, unit: km, datatype: float64}
# - {name: observer_location.y, unit: km, datatype: float64}
# - {name: observer_location.z, unit: km, datatype: float64}
# - {name: action, datatype: string}
# - {name: duration, unit: min, datatype: float64}
# meta: !!omap
# - __serialized_columns__:
#     duration:
#       __class__: astropy.units.quantity.Quantity
#       unit: !astropy.units.Unit {unit: min}
#       value: !astropy.table.SerializedColumn {name: duration}
#     observer_location:
#       __class__: astropy.coordinates.earth.EarthLocation
#       ellipsoid: WGS84
#       x: !astropy.table.SerializedColumn
#         __class__: astropy.units.quantity.Quantity
#         unit: &id001 !astropy.units.Unit {unit: km}
#         value: !astropy.table.SerializedColumn {name: observer_location.x}
#       y: !astropy.table.SerializedColumn
#         __class__: astropy.units.quantity.Quantity
#         unit: *id001
#         value: !astropy.table.SerializedColumn {name: observer_location.y}
#       z: !astropy.table.SerializedColumn
#         __class__: astropy.units.quantity.Quantity
#         unit: *id001
#         value: !astropy.table.SerializedColumn {name: observer_location.z}
#     roll:
#       __class__: astropy.coordinates.angles.core.Angle
#       unit: &id002 !astropy.units.Unit {unit: deg}
#       value: !astropy.table.SerializedColumn {name: roll}
#     start_time:
#       __class__: astropy.time.core.Time
#       format: iso
#       in_subfmt: '*'
#       out_subfmt: '*'
#       precision: 3
#       scale: utc
#       value: !astropy.table.SerializedColumn {name: start_time}
#     target_coord:
#       __class__: astropy.coordinates.sky_coordinate.SkyCoord
#       dec: !astropy.table.SerializedColumn
#         __class__: astropy.coordinates.angles.core.Latitude
#         unit: *id002
#         value: !astropy.table.SerializedColumn {name: target_coord.dec}
#       frame: icrs
#       ra: !astropy.table.SerializedColumn
#         __class__: astropy.coordinates.angles.core.Longitude
#         unit: *id002
#         value: !astropy.table.SerializedColumn {name: target_coord.ra}
#         wrap_angle: !astropy.coordinates.Angle
#           unit: *id002
#           value: 360.0
#       representation_type: unitspherical
# schema: astropy-2.0
start_time target_coord.ra target_coord.dec roll observer_location.x observer_location.y observer_location.z action duration
[from data line 2090]
"2031-06-07 12:00:00.000" 225.82738570536603 34.909119168872444 -29.964577519410113 -314244.12383478397 47780.05244149416 -31574.23902343281 downlink 30.0
"2031-06-07 18:00:00.000" 216.75172375282295 32.00244719542258 -38.88830420047066 66128.77488830002 303794.34771958616 -29140.753706291423 downlink 30.0
"2031-06-08 00:00:00.000" 209.05353160696916 29.141341157522714 -45.866922875752266 291291.7309299389 -83969.72294346547 -26534.37963939136 downlink 30.0
"2031-06-08 06:00:00.000" 202.29954524262723 26.580233539559583 -51.32960648584765 -101130.38221864188 -276672.58141473454 -23757.31330337462 downlink 30.0
"2031-06-08 12:00:00.000" 196.10987622974747 24.406895736897987 -55.668771131216204 -259870.69897791158 117412.43027334886 -20813.712872221033 downlink 30.0
"2031-06-08 18:00:00.000" 190.18824169730186 22.62501269243435 -59.1895124453045 132585.0006603944 240818.85521859906 -17711.131359354764 downlink 30.0
"2031-06-09 00:00:00.000" 184.30303091460965 21.204875027374097 -62.11706555025086 219451.84508650584 -146375.70556074043 -14458.681252959885 downlink 30.0
"2031-06-09 06:00:00.000" 178.26035145088247 20.108497488812834 -64.61681757360287 -158458.5906674253 -195711.63187439562 -11068.012370093555 downlink 30.0
"2031-06-09 12:00:00.000" 171.8799043214329 19.300352234073696 -66.81247273403943 -169556.10696993145 168438.45658826784 -7557.955896571041 downlink 30.0
"2031-06-09 18:00:00.000" 164.97407822131265 18.75110131278196 -68.79945076219781 175830.52397962034 140974.55234871333 -3957.366485217645 downlink 30.0
"2031-06-10 00:00:00.000" 157.3282061814086 18.43819205912633 -70.65344884774396 110014.64204737142 -180034.3591663232 -307.2369893690231 downlink 30.0
"2031-06-10 06:00:00.000" 148.68027049620238 18.345312494551298 -72.43353337015941 -180302.7550049391 -76829.19805222028 3331.5066159154635 downlink 30.0
"2031-06-10 12:00:00.000" 138.70084088713898 18.462667784408147 -74.17594841006053 -41757.025254825625 175711.18320772893 6864.993044797526 downlink 30.0
"2031-06-10 18:00:00.000" 126.98164416248599 18.79387903166594 -75.86618274827356 165146.41497009777 5459.447848856907 10151.900395749677 downlink 30.0
"2031-06-11 00:00:00.000" 198.79338390271212 -11.917712871889087 109.83890137248179 -30865.09833244044 -147365.12586128782 12985.228465682394 downlink 30.0
"2031-06-11 06:00:00.000" 182.34395584449788 -11.142973862046926 110.93787900891293 -121234.4681455134 65202.255333251735 15075.01812762785 downlink 30.0
"2031-06-11 12:00:00.000" 162.2524852832689 -12.587486696244357 113.9606358504808 94541.47168234778 86316.44481144965 16064.380795152754 downlink 30.0
"2031-06-11 18:00:00.000" 135.574534140495 -21.45445251868704 125.80488764031949 43778.31950123459 -115246.1736311607 15629.585440331863 downlink 30.0
"2031-06-12 00:00:00.000" 74.56794336824358 -38.635471059860045 -174.75743981389803 -124395.62424692529 3072.2894059258 13660.832996476129 downlink 30.0
"2031-06-12 06:00:00.000" 22.900202582839544 -25.322297429026893 -126.44236855051976 49703.844983392264 121363.3517696489 10375.432729871069 downlink 30.0
"2031-06-12 12:00:00.000" 359.76958291609066 -19.782180511269786 -114.94872391778581 107959.33218129966 -92284.40512945599 6213.019571647625 downlink 30.0
"2031-06-12 18:00:00.000" 342.9499805334403 -18.451629506747715 -110.1838616774361 -128765.5324837457 -87095.70214579848 1621.7120659890466 downlink 30.0
"2031-06-13 00:00:00.000" 329.46058387197263 -18.30307669755002 -107.42334327866345 -61514.23599765604 158632.47526179982 -3067.4350881757114 downlink 30.0
"2031-06-13 06:00:00.000" 318.321175742136 -18.507428723340414 -105.5808596429521 182209.35579720518 33295.64229030521 -7649.8010669938385 downlink 30.0
"2031-06-13 12:00:00.000" 34.25184976022138 13.511301769508632 70.62168873785555 3874.74640201716 -200141.45725103913 -12010.435803848735 downlink 30.0
"2031-06-13 18:00:00.000" 26.445058018860014 12.628321001042153 70.3278637566124 -213131.0107058028 25795.89822143855 -16090.351539252288 downlink 30.0
"2031-06-14 00:00:00.000" 19.581258426205 12.025446908830066 69.9822462387678 55090.339434295245 221830.1785369474 -19864.44494138217 downlink 30.0
"2031-06-14 06:00:00.000" 13.453854357292913 11.651507052008126 69.58657053748225 226809.1103560592 -83596.36870258082 -23325.389733632193 downlink 30.0
"2031-06-14 12:00:00.000" 7.904866231181112 11.474196107572933 69.13331938330427 -111040.50377997158 -228554.79279743266 -26474.02555894192 downlink 30.0
"2031-06-14 18:00:00.000" 2.8119984479297764 11.473641701911943 68.61061120817064 -227480.3015514887 137239.57481816108 -29316.896936631434 downlink 30.0
"2031-06-15 00:00:00.000" 358.0785076902863 11.638991532368593 68.00350394219433 162069.92309270732 223936.38205763316 -31864.535479292936 downlink 30.0
"2031-06-15 06:00:00.000" 353.62556426431746 11.966526081690935 67.29386836471748 218222.69132352073 -185447.62920331233 -34127.47649193258 downlink 30.0
"2031-06-15 12:00:00.000" 349.38641664987193 12.458652607353322 66.45954163203785 -207315.31053368837 -210597.5051132694 -36115.02049096138 downlink 30.0
"2031-06-15 18:00:00.000" 345.30169817047175 13.123459236967456 65.4729392729298 -201285.36824692716 227633.2805859536 -37837.52545627609 downlink 30.0
"2031-06-16 00:00:00.000" 341.31529981110333 13.974634078785252 64.29906968939416 246373.93906613358 190483.23291821577 -39306.14884024333 downlink 30.0
"2031-06-16 06:00:00.000" 337.37027465796325 15.031578412795366 62.89275138459857 178365.79139387183 -263518.0188082426 -40529.8939787693 downlink 30.0
"2031-06-16 12:00:00.000" 333.40420933911065 16.319474899100804 61.19470403396592 -279051.6115711914 -165089.82904267235 -41516.03825023836 downlink 30.0
"2031-06-16 18:00:00.000" 329.3433916821389 17.86886686842966 59.126050419931886 -150797.35097128237 292964.02030532487 -42273.00384663657 downlink 30.0
"2031-06-17 00:00:00.000" 325.0949506073843 19.71385571813821 56.58066703133555 305246.6348137457 135618.1277070051 -42809.48709309481 downlink 30.0
"2031-06-17 06:00:00.000" 320.53608885034 21.8871418828446 53.414940415878746 119672.25518292685 -315892.16089930944 -43131.651607395856 downlink 30.0
"2031-06-17 12:00:00.000" 315.5000879241467 24.40859466555786 49.435404061252456 -324893.6290596917 -103072.32169454232 -43244.436531995496 downlink 30.0
"2031-06-17 18:00:00.000" 309.7614730166095 27.261936895534586 44.388024725732095 -85924.81323474897 332243.63403472205 -43154.319946926946 downlink 30.0
"2031-06-18 00:00:00.000" 303.03128715711244 30.353310186663506 37.962115929379564 337934.1997777065 68331.36851000894 -42867.71828207122 downlink 30.0
"2031-06-18 06:00:00.000" 294.99333920735637 33.452995991417716 29.8416346515219 50390.38123278279 -341956.68061114446 -42388.44802815648 downlink 30.0
"2031-06-18 12:00:00.000" 285.43754502036137 36.15188711686392 19.85892076812675 -344301.241264814 -32198.43841417985 -41719.71231538864 downlink 30.0
"2031-06-18 18:00:00.000" 274.5140464312531 37.91736911901115 8.265906906385538 -13851.21550628211 344956.4622658615 -40866.493979481085 downlink 30.0
"2031-06-19 00:00:00.000" 262.929419197422 38.3232278392425 -4.072327269703408 343909.46922309883 -4555.56770585653 -39833.353902900955 downlink 30.0
"2031-06-19 06:00:00.000" 251.72665009237554 37.326630214612244 -15.930112660475743 -22924.69748516167 -341146.0171927985 -38622.36267134773 downlink 30.0
"2031-06-19 12:00:00.000" 241.7143369951623 35.29351316488896 -26.339664456375147 -336650.15145158727 41156.04335337648 -37235.61368608341 downlink 30.0
"2031-06-19 18:00:00.000" 233.1508850513017 32.74322359081455 -34.939039049688176 59145.4795892713 330404.00486999174 -35677.077956873945 downlink 30.0
"2031-06-20 00:00:00.000" 225.883236922307 30.101262821901734 -41.83553878185569 322388.0864501641 -76783.55376330612 -33950.001813457864 downlink 30.0
"2031-06-20 06:00:00.000" 219.60784537573568 27.62138289879602 -47.3274020298835 -93953.51955599422 -312581.54622144176 -32055.510318456058 downlink 30.0
"2031-06-20 12:00:00.000" 214.02638085651742 25.41854284886878 -51.72773936541057 -300962.15110482724 110529.18117543306 -29995.500596616774 downlink 30.0
"2031-06-20 18:00:00.000" 208.89591322457818 23.52484675952046 -55.29934529040855 126372.72849961232 287506.53290391475 -27773.871093887006 downlink 30.0
"2031-06-21 00:00:00.000" 204.02962592303908 21.931672927572436 -58.24517385120879 272191.04054582975 -141331.9473606615 -25393.822261322737 downlink 30.0
"2031-06-21 06:00:00.000" 199.2830829077697 20.614245225929547 -60.71749043565251 -155236.41914327486 -254992.85208932686 -22857.396232190098 downlink 30.0
"2031-06-21 12:00:00.000" 194.5395138307071 19.544130474938374 -62.83017191939098 -235891.3507396615 167892.94631291102 -20168.696914041324 downlink 30.0
"2031-06-21 18:00:00.000" 189.6975032167599 18.694960717183005 -64.66932254010749 179080.08882969467 214870.50602559268 -17334.64179463952 downlink 30.0
"2031-06-22 00:00:00.000" 184.6610013831051 18.044747622307835 -66.30135647646136 191922.8976528882 -188541.04847530564 -14362.832271951664 downlink 30.0
"2031-06-22 06:00:00.000" 179.33067022376662 17.57663662602579 -67.77885796977426 -195974.34648481026 -167055.82787476532 -11262.73620847864 downlink 30.0
"2031-06-22 12:00:00.000" 173.59544482146958 17.27905724857442 -69.14468057334653 -140300.8033129762 201022.10997714652 -8049.855347531369 downlink 30.0
"2031-06-22 18:00:00.000" 167.323213104293 17.145784243048894 -70.43453144653455 203255.5004109391 111728.94024825234 -4747.355863027538 downlink 30.0
"2031-06-23 00:00:00.000" 160.34956620204355 17.176299690192945 -71.67779847271277 81476.04753248404 -202156.8685779325 -1387.115499915905 downlink 30.0
"2031-06-23 06:00:00.000" 152.46384416904345 17.377102060327527 -72.89531128963017 -197099.81025902065 -49783.41328406413 1983.8632254265417 downlink 30.0
"2031-06-23 12:00:00.000" 143.39296178696344 17.765808154988694 -74.09003629970618 -17064.497650101057 187332.07735358507 5293.274693683229 downlink 30.0
"2031-06-23 18:00:00.000" 218.02282909760237 -14.009813361936132 108.97097468184376 171975.2858176689 -15987.434835618737 8432.877429170203 downlink 30.0
"2031-06-24 00:00:00.000" 205.54502961542613 -13.08788602591791 109.88298679779821 -48234.87175114921 -150077.00169582863 11243.24304805735 downlink 30.0
"2031-06-24 06:00:00.000" 190.32660607922006 -12.846818060982887 111.56199256520566 -120793.14793971043 77879.68196091462 13493.89872325939 downlink 30.0
"2031-06-24 12:00:00.000" 171.31786714474302 -14.81765619637 115.53829662964421 102292.04968104776 83826.41520024092 14879.01603260149 downlink 30.0
"2031-06-24 18:00:00.000" 144.18894800616857 -24.378068229205443 129.8666371040702 40176.084602660354 -118201.03480284024 15067.98509512348 downlink 30.0
"2031-06-25 00:00:00.000" 78.31699450751722 -37.42232339277215 -164.67087152688586 -122702.35097919419 7206.756699485084 13842.318356306949 downlink 30.0
"2031-06-25 06:00:00.000" 31.19231986381647 -22.48031829075754 -123.1830305068227 53875.24276795437 114847.31788301114 11256.34878465491 downlink 30.0
"2031-06-25 12:00:00.000" 7.706141399927099 -17.66142827124671 -113.50531203642433 96294.12817638989 -95687.37207299395 7646.6510973599925 downlink 30.0
"2031-06-25 18:00:00.000" 349.7688410975828 -16.856994923111372 -109.48733515768018 -130308.14963269806 -70207.49761900626 3454.13669803554 downlink 30.0
"2031-06-26 00:00:00.000" 335.1980840463183 -17.139066919403515 -107.17843888491517 -39728.07171551173 157226.86417928527 -951.123277609805 downlink 30.0
"2031-06-26 06:00:00.000" 323.1686195956894 -17.716230038855773 -105.68105424184395 176980.8624408274 7234.017535416818 -5324.166675987106 downlink 30.0
"2031-06-26 12:00:00.000" 38.37659689305655 13.938422027290041 71.0498898984393 -25695.371203780298 -190485.27103541195 -9522.44840542094 downlink 30.0
"2031-06-26 18:00:00.000" 29.849681729838682 13.325854785173725 70.39030390744333 -198685.1996407861 58074.59146616048 -13471.09367355032 downlink 30.0
"2031-06-27 00:00:00.000" 22.3917660244864 13.01573212456058 69.66841135855677 89306.93554994054 202424.58478629918 -17136.447061821822 downlink 30.0
"2031-06-27 06:00:00.000" 15.754725926517677 12.968132563187448 68.86616830725391 202416.50817733735 -119038.16403798455 -20506.561532517822 downlink 30.0
"2031-06-27 12:00:00.000" 9.747232414754187 13.16091050373383 67.95723521834257 -147062.7553595164 -199251.8175849027 -23579.982393901064 downlink 30.0
"2031-06-27 18:00:00.000" 4.218498962525564 13.585086917474236 66.90938348318761 -193418.33539010776 173266.068653115 -26362.31433707898 downlink 30.0
"2031-06-28 00:00:00.000" 359.04488732173706 14.242470167993215 65.68343294701451 197589.2407353011 185320.49515652118 -28863.481813657458 downlink 30.0
"2031-06-28 06:00:00.000" 354.11898151096005 15.144394059131608 64.23045988699386 175296.55493399614 -220007.78123101927 -31093.401519257153 downlink 30.0
"2031-06-28 12:00:00.000" 349.3400172941425 16.310948273153983 62.48755179354714 -240518.08241192286 -163632.60143624071 -33061.083945598184 downlink 30.0
"2031-06-28 18:00:00.000" 344.60439347292686 17.770051218462587 60.371794556580795 -150573.28406151343 259128.8928563037 -34776.811155193755 downlink 30.0
"2031-06-29 00:00:00.000" 339.7949125745801 19.55530384375057 57.771902689838655 275856.233690546 136330.14005315563 -36251.32834229557 downlink 30.0
"2031-06-29 06:00:00.000" 334.7674083433452 21.700608793022134 54.53694755903042 121088.44849433293 -290720.24574238353 -37493.01486449373 downlink 30.0
"2031-06-29 12:00:00.000" 329.33405172261905 24.227771253965226 50.46258271945399 -303742.8381822056 -105012.66518834913 -38508.85642127614 downlink 30.0
"2031-06-29 18:00:00.000" 323.2456492506883 27.12077321472435 45.27880532585249 -88250.3531352843 314946.1118123204 -39307.11758153646 downlink 30.0
"2031-06-30 00:00:00.000" 316.1850820131787 30.279234564579173 38.65383547684837 324351.7128518346 70935.30554678757 -39895.94937350305 downlink 30.0
"2031-06-30 06:00:00.000" 307.80749692015075 33.45228127293134 30.251893032176582 53190.491211206834 -331980.48739700683 -40280.8806586888 downlink 30.0
"2031-06-30 12:00:00.000" 297.892680794277 36.19054430600872 19.908696637290547 -337851.89640981914 -35130.49917169232 -40466.65620519956 downlink 30.0
"2031-06-30 18:00:00.000" 286.6325232130007 37.917013668320635 7.936668961453421 -16863.172682229004 341983.61078307126 -40459.65492781283 downlink 30.0
"2031-07-01 00:00:00.000" 274.8293993528841 38.196359519977975 -4.683647164027263 344391.6632237883 -1508.973377540005 -40265.80642118668 downlink 30.0
"2031-07-01 06:00:00.000" 263.6010415224231 37.03159686272086 -16.639397215581198 -19887.063806067807 -345090.61459069664 -39888.47384680079 downlink 30.0
"2031-07-01 12:00:00.000" 253.74429126501326 34.84978740924803 -26.974550337515154 -344093.3091722349 38174.366102473425 -39330.89478559597 downlink 30.0
"2031-07-01 18:00:00.000" 245.45576606325986 32.19975215889095 -35.39923290411707 56275.335265124886 341410.73582077597 -38598.10607334635 downlink 30.0
"2031-07-02 00:00:00.000" 238.53250732085291 29.502545286423143 -42.085213958718384 337052.37960081815 -74094.6291341913 -37694.33705298523 downlink 30.0
"2031-07-02 06:00:00.000" 232.65057406558896 26.99407491812868 -47.3655279440747 -91535.6800354537 -331026.5373650287 -36621.44901894097 downlink 30.0
"2031-07-02 12:00:00.000" 227.51173820011863 24.772277323565 -51.566056171770924 -323340.24367751344 108499.31075051913 -35381.78841576677 downlink 30.0
"2031-07-02 18:00:00.000" 222.88334196850565 22.85721666972003 -54.951226449708884 124882.69980807693 313999.3415735128 -33979.48654349336 downlink 30.0
"2031-07-03 00:00:00.000" 218.59371114595797 21.232663238529046 -57.72103880906542 303009.0452326352 -140578.13711694232 -32417.559845096825 downlink 30.0
