downlinks.ecsv
# %ECSV 1.0
# ---
# datatype:
# - {name: start_time, datatype: string}
# - {name: target_coord.ra, unit: deg, datatype: float64}
# - {name: target_coord.dec, unit: deg, datatype: float64}
# - {name: roll, unit: deg, datatype: float64}
# - {name: observer_location.x, unit: km, datatype: float64}
# - {name: observer_location.y, unit: km, datatype: float64}
# - {name: observer_location.z, unit: km, datatype: float64}
# - {name: action, datatype: string}
# - {name: duration, unit: min, datatype: float64}
# meta: !!omap
# - __serialized_columns__:
#     duration:
#       __class__: astropy.units.quantity.Quantity
#       unit: !astropy.units.Unit {unit: min}
#       value: !astropy.table.SerializedColumn {name: duration}
#     observer_location:
#       __class__: astropy.coordinates.earth.EarthLocation
#       ellipsoid: WGS84
#       x: !astropy.table.SerializedColumn
#         __class__: astropy.units.quantity.Quantity
#         unit: &id001 !astropy.units.Unit {unit: km}
#         value: !astropy.table.SerializedColumn {name: observer_location.x}
#       y: !astropy.table.SerializedColumn
#         __class__: astropy.units.quantity.Quantity
#         unit: *id001
#         value: !astropy.table.SerializedColumn {name: observer_location.y}
#       z: !astropy.table.SerializedColumn
#         __class__: astropy.units.quantity.Quantity
#         unit: *id001
#         value: !astropy.table.SerializedColumn {name: observer_location.z}
#     roll:
#       __class__: astropy.coordinates.angles.core.Angle
#       unit: &id002 !astropy.units.Unit {unit: deg}
#       value: !astropy.table.SerializedColumn {name: roll}
#     start_time:
#       __class__: astropy.time.core.Time
#       format: iso
#       in_subfmt: '*'
#       out_subfmt: '*'
#       precision: 3
#       scale: utc
#       value: !astropy.table.SerializedColumn {name: start_time}
#     target_coord:
#       __class__: astropy.coordinates.sky_coordinate.SkyCoord
#       dec: !astropy.table.SerializedColumn
#         __class__: astropy.coordinates.angles.core.Latitude
#         unit: *id002
#         value: !astropy.table.SerializedColumn {name: target_coord.dec}
#       frame: icrs
#       ra: !astropy.table.SerializedColumn
#         __class__: astropy.coordinates.angles.core.Longitude
#         unit: *id002
#         value: !astropy.table.SerializedColumn {name: target_coord.ra}
#         wrap_angle: !astropy.coordinates.Angle
#           unit: *id002
#           value: 360.0
#       representation_type: unitspherical
# schema: astropy-2.0
start_time target_coord.ra target_coord.dec roll observer_location.x observer_location.y observer_location.z action duration
[from data line 1776]
"2031-03-21 00:00:00.000" 295.5357653706895 -8.45040669660314 86.05391994037552 95325.51529997711 295272.41782661923 -48059.089128733176 downlink 30.0
"2031-03-21 06:00:00.000" 292.0718099310301 -8.288782814955464 86.65740815611915 280953.65704017296 -111020.74186459696 -43937.44512143456 downlink 30.0
"2031-03-21 12:00:00.000" 288.4002270210709 -8.047041451462427 87.26928393321387 -125839.00261209365 -264657.16343178705 -39539.117954200454 downlink 30.0
"2031-03-21 18:00:00.000" 284.4801912255998 -7.704631378307155 87.88349114857246 -246326.51210759958 139581.6194496081 -34867.296880111215 downlink 30.0
"2031-03-22 00:00:00.000" 280.26109737120964 -7.231819167871077 88.4883513636331 152015.60976365078 225904.09636756036 -29928.97084465278 downlink 30.0
"2031-03-22 06:00:00.000" 275.6792514652609 -6.583797780120022 89.06168010046125 203334.3669973112 -162863.65809405746 -24733.506245557564 downlink 30.0
"2031-03-22 12:00:00.000" 270.6531759065768 -5.689100932903011 89.56049476020888 -171790.18249675143 -178569.31811114075 -19294.624670627298 downlink 30.0
"2031-03-22 18:00:00.000" 265.0766869965257 -4.424065833567791 89.89708219942344 -151578.0169272154 178382.75331124375 -13636.297095601924 downlink 30.0
"2031-03-23 00:00:00.000" 258.80746428752377 -2.5469041789501996 89.87490354229959 182127.2372107852 122364.22364832749 -7797.630301616961 downlink 30.0
"2031-03-23 06:00:00.000" 251.63926941403648 0.5164004539934018 88.97556588477582 90998.61402712471 -182374.5208685384 -1839.1527323694254 downlink 30.0
"2031-03-23 12:00:00.000" 243.13172630085967 6.671027315576675 85.33565228225186 -178298.7627842726 -57677.369222177 4141.847677719817 downlink 30.0
"2031-03-23 18:00:00.000" 228.20737857857802 27.628098988660522 64.84209808797003 -22829.488762439534 168854.03306684346 9985.30332156298 downlink 30.0
"2031-03-24 00:00:00.000" 139.8164750476058 36.30488083734554 -56.38479419114935 152757.4362546069 -12690.09151025009 15431.323236100443 downlink 30.0
"2031-03-24 06:00:00.000" 116.2536488404832 22.193914837658465 -79.50069775888403 -47279.28015014255 -128587.16714820264 20067.494743717834 downlink 30.0
"2031-03-24 12:00:00.000" 95.94790862170876 17.53739623214044 -87.87577824282772 -95209.9484567769 78171.28252419141 23280.028846591078 downlink 30.0
"2031-03-24 18:00:00.000" 72.92454745202535 13.655567165843749 -93.56059767282386 101296.92944098216 52830.55881550816 24308.90128068576 downlink 30.0
"2031-03-25 00:00:00.000" 48.33676299250753 9.110683139118228 -96.9964408244769 4363.67098835314 -112382.44693482181 22568.908703104105 downlink 30.0
"2031-03-25 06:00:00.000" 115.33211136382955 7.585027129947968 94.67729675508163 -109501.36869674512 44719.41946797746 18127.03688692772 downlink 30.0
"2031-03-25 12:00:00.000" 94.19663296327114 5.461410698812875 91.6956369676016 89120.7013504036 94435.06669404711 11745.046426091323 downlink 30.0
"2031-03-25 18:00:00.000" 76.97845978610307 0.5607447391519443 91.67951522489687 70988.42468328896 -126061.51019750362 4370.634230784254 downlink 30.0
"2031-03-26 00:00:00.000" 62.6813580498662 -10.035616751174295 98.25631883671417 -155102.9438233283 -42750.15161555639 -3277.6144691947916 downlink 30.0
"2031-03-26 06:00:00.000" 30.557325656231903 -43.55583060456206 145.75594533041854 -12260.566136386422 176948.74809173393 -10775.59003802033 downlink 30.0
"2031-03-26 12:00:00.000" 321.2595535409401 -35.467449173915796 -123.175012670778 192615.21693952847 -18882.28126130552 -17905.31821309709 downlink 30.0
"2031-03-26 18:00:00.000" 307.0272618752168 -26.030553901866956 -107.45973253314027 -49715.089082415565 -203080.22464545615 -24565.58208633834 downlink 30.0
"2031-03-27 00:00:00.000" 298.5836711879908 -22.43202431256108 -101.55896071443784 -209180.87325539612 79663.55145104826 -30717.99658414098 downlink 30.0
"2031-03-27 06:00:00.000" 291.8373961813353 -20.520023230500385 -98.15274970325987 108385.77579799225 211605.65044038175 -36357.686148089066 downlink 30.0
"2031-03-27 12:00:00.000" 286.04370558084906 -19.264840568642335 -95.79556419800332 210915.14767035365 -135679.0318667 -41494.97672685159 downlink 30.0
"2031-03-27 18:00:00.000" 280.91226284146813 -18.32068449058199 -94.00604440327568 -161424.53915028466 -207567.2992070673 -46146.04347848953 downlink 30.0
"2031-03-28 00:00:00.000" 276.2814409108834 -17.544832657511698 -92.5727858781724 -201939.2805615019 185554.51174249177 -50330.90108946009 downlink 30.0
"2031-03-28 06:00:00.000" 272.04471388355097 -16.869580411233084 -91.38533315858228 208032.6909861658 194344.9626921335 -54071.47129224873 downlink 30.0
"2031-03-28 12:00:00.000" 268.12552085020417 -16.25934437895819 -90.37873563171493 185048.94179925317 -228842.57644290646 -57387.77126710274 downlink 30.0
"2031-03-28 18:00:00.000" 264.46598409463184 -15.693840210198518 -89.51145787789712 -247979.60062449303 -174277.4300438577 -60297.45230237259 downlink 30.0
"2031-03-29 00:00:00.000" 261.0208440801042 -15.160688692596336 -88.75526384069754 -162226.05432026644 265446.0193560081 -62818.31241694697 downlink 30.0
"2031-03-29 06:00:00.000" 257.7537934418634 -14.651871111992847 -88.09006933416413 281248.1818502541 149065.78344972958 -64967.67140361501 downlink 30.0
"2031-03-29 12:00:00.000" 254.63508323774363 -14.161908733059484 -87.5010979912812 134948.17752996014 -295394.88412732154 -66759.6045106048 downlink 30.0
"2031-03-29 18:00:00.000" 251.63987444518202 -13.686873505819298 -86.97720387604411 -307895.6813870844 -120009.59713545258 -68205.98176057028 downlink 30.0
"2031-03-30 00:00:00.000" 248.7470570655358 -13.22382450910599 -86.50982942972476 -104373.88794268867 318759.6692540977 -69319.2965066105 downlink 30.0
"2031-03-30 06:00:00.000" 245.9383769565103 -12.770473969707817 -86.09233115975262 327995.3261413355 88154.52095155853 -70111.38920527392 downlink 30.0
"2031-03-30 12:00:00.000" 243.19777194421306 -12.324982879589484 -85.71952974400574 71457.0778906363 -335610.4978917596 -70590.88938466294 downlink 30.0
"2031-03-30 18:00:00.000" 240.51085332603813 -11.885833033054423 -85.3874038082859 -341611.716748078 -54381.34350528662 -70765.0168164796 downlink 30.0
"2031-03-31 00:00:00.000" 237.8644894621942 -11.451746252387386 -85.09288006834325 -37022.35000993491 346003.6818534062 -70642.1495580239 downlink 30.0
"2031-03-31 06:00:00.000" 235.24646089822758 -11.021634428142615 -84.83369139304628 348789.60388873063 19471.32732327216 -70229.85932415756 downlink 30.0
"2031-03-31 12:00:00.000" 323.64706633098757 -5.29792371784109 79.35720440326239 1817.3322166907185 -349971.4935798922 -69532.68520747502 downlink 30.0
"2031-03-31 18:00:00.000" 321.04610871742045 -5.494650456432086 79.78049387369876 -349549.675805313 15851.31122297752 -68554.50437676556 downlink 30.0
"2031-04-01 00:00:00.000" 318.43117969278984 -5.6593668329751186 80.20283626493591 33446.41166618421 347522.44128753693 -67300.63708911603 downlink 30.0
"2031-04-01 06:00:00.000" 315.7916015817095 -5.791502428677113 80.62467523059946 343886.5060853414 -50879.193549795826 -65775.35852896284 downlink 30.0
"2031-04-01 12:00:00.000" 313.11622820077 -5.889771919418354 81.04623149674487 -68058.77495024646 -338637.3598164559 -63980.18602502648 downlink 30.0
"2031-04-01 18:00:00.000" 310.3931979536384 -5.952067168503052 81.46743573562203 -331768.8786469538 84890.71756809094 -61916.666614693255 downlink 30.0
"2031-04-02 00:00:00.000" 307.60965167166285 -5.975290541588942 81.88782241534729 101276.2091778705 323273.11912767397 -59587.89600142038 downlink 30.0
"2031-04-02 06:00:00.000" 304.75139890383286 -5.955106471168606 82.30636533295137 313140.88231150724 -117110.93355293728 -56995.7279543693 downlink 30.0
"2031-04-02 12:00:00.000" 301.8025112333958 -5.885573723875788 82.72122258624353 -132283.02371172214 -301362.1916120195 -54139.75398690633 downlink 30.0
"2031-04-02 18:00:00.000" 298.74481322621267 -5.758596085809818 83.12933611724985 -287926.2105164928 146670.88337209146 -51020.36653387345 downlink 30.0
"2031-04-03 00:00:00.000" 295.55722906899655 -5.563085238455649 83.52578970462466 160141.2517718837 272821.4945937619 -47639.655348395434 downlink 30.0
"2031-04-03 06:00:00.000" 292.2149223323713 -5.283647619343607 83.90275068374922 256037.09742447216 -172546.56812356738 -43998.64840929083 downlink 30.0
"2031-04-03 12:00:00.000" 288.68813018931814 -4.898445680811694 84.24766315653048 -183721.06960663502 -237563.87565613634 -40097.25387876304 downlink 30.0
"2031-04-03 18:00:00.000" 284.94052423514376 -4.3755460548891305 84.5400254061078 -217395.8484326161 193476.1461947618 -35937.60676019776 downlink 30.0
"2031-04-04 00:00:00.000" 280.9267796671026 -3.666305689639195 84.74531869010092 201594.94707748666 195532.65754580448 -31524.631607584277 downlink 30.0
"2031-04-04 06:00:00.000" 276.58865286576014 -2.692473284506334 84.80274381992835 171983.91548525647 -207825.14595569574 -26864.15956554822 downlink 30.0
"2031-04-04 12:00:00.000" 271.8476990117302 -1.3185431825091873 84.59809031160151 -211869.12138043882 -146775.6821318665 -21964.80751799526 downlink 30.0
"2031-04-04 18:00:00.000" 266.58832209795935 0.7152666136559611 83.89585495314947 -119960.39793189993 213371.4738480163 -16842.761178149314 downlink 30.0
"2031-04-05 00:00:00.000" 260.60288158283254 3.9846459866043027 82.1369700152504 211903.24590526693 91633.34665226453 -11524.333601114748 downlink 30.0
"2031-04-05 06:00:00.000" 253.3145940379427 10.065781093955067 77.65191236599951 61960.07532232584 -206941.88213685012 -6049.240956876592 downlink 30.0
"2031-04-05 12:00:00.000" 241.16124348282833 24.535924000946455 62.88800064758446 -197847.72922855374 -31222.003642421492 -481.0369885441519 downlink 30.0
"2031-04-05 18:00:00.000" 188.14573568575778 46.518366247144506 -7.433174432810915 106.52169700704556 183842.32602460514 5075.945261239945 downlink 30.0
"2031-04-06 00:00:00.000" 144.5197838128778 30.522319139703523 -61.184943555789914 164005.01313741744 -31228.334962302866 10453.602374283313 downlink 30.0
"2031-04-06 06:00:00.000" 126.6146929560359 22.594184905131836 -75.19836694783618 -60814.55307603155 -137335.0884998052 15383.060146827522 downlink 30.0
"2031-04-06 12:00:00.000" 108.92631157229563 19.0542060808991 -82.67816415638458 -102995.15612223516 86715.68572092916 19443.157033405423 downlink 30.0
"2031-04-06 18:00:00.000" 88.42777824519862 16.35831625281668 -88.36434395715321 105739.64028960268 60941.2016932041 22031.811199673062 downlink 30.0
"2031-04-07 00:00:00.000" 65.10958126455942 13.162842716961379 -92.67986579951304 13017.486755867578 -114038.63906924253 22466.088460513525 downlink 30.0
"2031-04-07 06:00:00.000" 131.51371147487663 4.664734337353708 99.53875135661983 -108831.4880809466 36324.39685563111 20324.63060631348 downlink 30.0
"2031-04-07 12:00:00.000" 108.247591943589 3.5239875165596475 96.84089187052957 81430.76631678412 90575.2092060973 15825.749101785203 downlink 30.0
"2031-04-07 18:00:00.000" 87.97129672933171 -2.062885280949087 97.78510738598078 62807.282956943905 -118353.44620280378 9731.557267770273 downlink 30.0
"2031-04-08 00:00:00.000" 68.22973346261739 -19.105988715736476 111.7909428144575 -145992.1942232357 -29767.998073777504 2870.092974415911 downlink 30.0
"2031-04-08 06:00:00.000" 359.06314076925696 -44.611371317289354 -158.5255406641705 5296.408433388912 165082.42012706547 -4164.851316591552 downlink 30.0
"2031-04-08 12:00:00.000" 324.19879023375194 -29.19749687167123 -117.10645593274175 176971.0604307171 -40370.893240146215 -11028.330956277074 downlink 30.0
"2031-04-08 18:00:00.000" 311.61743559703183 -23.72019163893108 -107.34105831476128 -74324.79774607696 -182993.13969337448 -17541.420224184592 downlink 30.0
"2031-04-09 00:00:00.000" 302.61597277775513 -21.343394771691532 -102.63889696757313 -184277.04792262914 106559.31654270952 -23621.116207217496 downlink 30.0
"2031-04-09 06:00:00.000" 295.2357437638837 -19.986289411869638 -99.64510594089307 136775.62484183747 181726.78171405836 -29236.912586943432 downlink 30.0
"2031-04-09 12:00:00.000" 288.8959529709517 -19.05277927400876 -97.47609689881428 176056.54606220455 -164840.6924514285 -34383.96956188054 downlink 30.0
"2031-04-09 18:00:00.000" 283.31042318416655 -18.325843591838634 -95.79173042335294 -190712.23544388718 -167832.39799990391 -39069.45563300598 downlink 30.0
"2031-04-10 00:00:00.000" 278.30229547040364 -17.71262659009818 -94.4282826925122 -157507.52440602187 214396.90542322726 -43308.01017289938 downlink 30.0
"2031-04-10 06:00:00.000" 273.74980409885524 -17.16855216605789 -93.29453431976556 235927.26767153473 145449.42221230504 -47117.96701181977 downlink 30.0
"2031-04-10 12:00:00.000" 269.5639946957438 -16.670230350561678 -92.33427899404019 131960.651378761 -255349.01628558675 -50516.837232183556 downlink 30.0
"2031-04-10 18:00:00.000" 265.67736614063784 -16.20445505914131 -91.51032198653785 -272713.340667054 -117294.35929986992 -53520.90724185853 downlink 30.0
"2031-04-11 00:00:00.000" 262.0372526409804 -15.763286353484995 -90.79674468403971 -101665.34078322117 288072.452303896 -56147.33591503469 downlink 30.0
"2031-04-11 06:00:00.000" 258.60162948044166 -15.341681595200845 -90.17478976584786 301477.5557038115 85258.2256036575 -58412.84646436798 downlink 30.0
"2031-04-11 12:00:00.000" 255.33630238206112 -14.93628358886401 -89.6305027654432 68234.23926253898 -312977.91547982785 -60331.10090309637 downlink 30.0
"2031-04-11 18:00:00.000" 252.21294748233373 -14.544769530541032 -89.15329907183774 -322619.89955602214 -50736.47622133576 -61914.19869255851 downlink 30.0
"2031-04-12 00:00:00.000" 249.20770162953585 -14.165487537029389 -88.73505314770041 -32893.40470354048 330446.4021840678 -63175.12704686554 downlink 30.0
"2031-04-12 06:00:00.000" 246.30012187274284 -13.797248492331164 -88.36950018111226 336497.17985164805 14821.592688706585 -64125.92297740683 downlink 30.0
"2031-04-12 12:00:00.000" 333.9329890649972 -1.892901988149739 76.55124395765968 -3371.447418910819 -340809.27438365266 -64775.48122687646 downlink 30.0
"2031-04-12 18:00:00.000" 331.21978485130904 -2.161946016518283 76.89758547813045 -343416.7811122196 21584.905188671084 -65131.819453470445 downlink 30.0
"2031-04-13 00:00:00.000" 328.5443381610735 -2.3909360483535638 77.23483391347862 39723.38045310838 344350.71749007463 -65204.14811803126 downlink 30.0
"2031-04-13 06:00:00.000" 325.8947506632522 -2.581337175712461 77.56314880168522 343639.6535501893 -57695.76008147471 -65000.421468736204 downlink 30.0
"2031-04-13 12:00:00.000" 323.25971146051023 -2.7338193235825448 77.88240729048503 -75413.52531978923 -341310.2724266852 -64525.61903191411 downlink 30.0
"2031-04-13 18:00:00.000" 320.62824519323044 -2.8482590310938463 78.19216910439151 -337387.19786881487 92789.27101552661 -63784.51058531739 downlink 30.0
"2031-04-14 00:00:00.000" 317.9894757226692 -2.923695987183611 78.49161296371214 109736.03909539955 331892.93327767536 -62783.16644345197 downlink 30.0
"2031-04-14 06:00:00.000" 315.33239308772136 -2.9582388614020183 78.77943715525237 324848.54830426857 -126166.57938402893 -61526.10049568862 downlink 30.0
"2031-04-14 12:00:00.000" 312.6456111731836 -2.9489085087201343 79.0537114226422 -141991.88854457528 -316274.2716510481 -60015.16883277524 downlink 30.0
"2031-04-14 18:00:00.000" 309.9171019168827 -2.891397644524391 79.31165911362747 -306189.40867189784 157119.83907363887 -58252.647196238504 downlink 30.0
"2031-04-15 00:00:00.000" 307.1338883086787 -2.7797123326808943 79.54933538094016 171454.432082557 294612.44176416873 -56242.10057185852 downlink 30.0
"2031-04-15 06:00:00.000" 304.2816719402018 -2.6056382847592374 79.7611451365978 281561.88203782326 -184894.800395322 -53985.36623385448 downlink 30.0
"2031-04-15 12:00:00.000" 301.34435911251256 -2.357936764001636 79.93910584006213 -197333.39639248917 -267057.0837601122 -51482.1939048355 downlink 30.0
