downlinks.ecsv
# %ECSV 1.0
# ---
# datatype:
# - {name: start_time, datatype: string}
# - {name: target_coord.ra, unit: deg, datatype: float64}
# - {name: target_coord.dec, unit: deg, datatype: float64}
# - {name: roll, unit: deg, datatype: float64}
# - {name: observer_location.x, unit: km, datatype: float64}
# - {name: observer_location.y, unit: km, datatype: float64}
# - {name: observer_location.z, unit: km, datatype: float64}
# - {name: action, datatype: string}
# - {name: duration, unit: min, datatype: float64}
# meta: !!omap
# - __serialized_columns__:
#     duration:
#       __class__: astropy.units.quantity.Quantity
#       unit: !astropy.units.Unit {unit: min}
#       value: !astropy.table.SerializedColumn {name: duration}
#     observer_location:
#       __class__: astropy.coordinates.earth.EarthLocation
#       ellipsoid: WGS84
#       x: !astropy.table.SerializedColumn
#         __class__: astropy.units.quantity.Quantity
#         unit: &id001 !astropy.units.Unit {unit: km}
#         value: !astropy.table.SerializedColumn {name: observer_location.x}
#       y: !astropy.table.SerializedColumn
#         __class__: astropy.units.quantity.Quantity
#         unit: *id001
#         value: !astropy.table.SerializedColumn {name: observer_location.y}
#       z: !astropy.table.SerializedColumn
#         __class__: astropy.units.quantity.Quantity
#         unit: *id001
#         value: !astropy.table.SerializedColumn {name: observer_location.z}
#     roll:
#       __class__: astropy.coordinates.angles.core.Angle
#       unit: &id002 !astropy.units.Unit {unit: deg}
#       value: !astropy.table.SerializedColumn {name: roll}
#     start_time:
#       __class__: astropy.time.core.Time
#       format: iso
#       in_subfmt: '*'
#       out_subfmt: '*'
#       precision: 3
#       scale: utc
#       value: !astropy.table.SerializedColumn {name: start_time}
#     target_coord:
#       __class__: astropy.coordinates.sky_coordinate.SkyCoord
#       dec: !astropy.table.SerializedColumn
#         __class__: astropy.coordinates.angles.core.Latitude
#         unit: *id002
#         value: !astropy.table.SerializedColumn {name: target_coord.dec}
#       frame: icrs
#       ra: !astropy.table.SerializedColumn
#         __class__: astropy.coordinates.angles.core.Longitude
#         unit: *id002
#         value: !astropy.table.SerializedColumn {name: target_coord.ra}
#         wrap_angle: !astropy.coordinates.Angle
#           unit: *id002
#           value: 360.0
#       representation_type: unitspherical
# schema: astropy-2.0
start_time target_coord.ra target_coord.dec roll observer_location.x observer_location.y observer_location.z action duration
"2030-01-01 00:00:00.000" 174.52342132094637 34.12850597730938 -78.65241364530814 -81737.08260564924 139031.69300844407 46928.760288478006 downlink 30.0
"2030-01-01 06:00:00.000" 158.64579370092247 35.157631187844856 -87.52200261587053 135210.50175489497 43738.39782202038 58338.40569468287 downlink 30.0
"2030-01-01 12:00:00.000" 234.1977012344125 6.623027045686873 124.16095526851865 3619.9532502167076 -124018.97581972624 66683.65682009871 downlink 30.0
"2030-01-01 18:00:00.000" 218.1096692985192 16.04313495155679 120.55601011410218 -104180.93404937684 36489.72723766967 70529.56544961644 downlink 30.0
"2030-01-02 00:00:00.000" 198.02386249917444 24.578881076926514 113.26553648017959 73256.4199823033 75429.73275721859 68527.56979651438 downlink 30.0
"2030-01-02 06:00:00.000" 174.18180200981976 28.842084299724885 103.0212054978395 39365.810611370485 -102834.45438520263 60121.855621467825 downlink 30.0
"2030-01-02 12:00:00.000" 80.91715038074017 -19.618741621598925 -152.38843960947776 -122461.91265463331 630.3482672114402 46084.39222747281 downlink 30.0
"2030-01-02 18:00:00.000" 48.19270824076215 -15.147972530201816 -124.34213632104127 40787.60280218739 131600.9385825195 28194.839357834226 downlink 30.0
"2030-01-03 00:00:00.000" 33.1602625731588 -21.841363700249453 -118.85654341441895 131550.333453114 -78334.845629828 8367.989229915185 downlink 30.0
"2030-01-03 06:00:00.000" 19.88298720836276 -26.965359009554508 -113.1820842028435 -111838.23728744798 -124318.03161991062 -11930.321942050821 downlink 30.0
"2030-01-03 12:00:00.000" 7.965784206921571 -30.408063419576514 -107.37782552021008 -111825.58883988758 140832.22325262806 -31776.9564965527 downlink 30.0
"2030-01-03 18:00:00.000" 357.3087685489232 -32.49777305768147 -101.76098659112745 165372.72276142842 95622.83424068014 -50657.83692841197 downlink 30.0
"2030-01-04 00:00:00.000" 347.82979690701916 -33.57822278578945 -96.54213565885698 76876.77321097745 -185743.2733013262 -68313.77643522019 downlink 30.0
"2030-01-04 06:00:00.000" 339.4243570118017 -33.93041076923069 -91.81740055441645 -202301.07815916985 -56446.62254895163 -84632.54409393485 downlink 30.0
"2030-01-04 12:00:00.000" 63.29384660510605 -1.9909125569381534 56.207432241236944 -34964.25316522533 215405.84220933105 -99584.63371336188 downlink 30.0
"2030-01-04 18:00:00.000" 58.699431243606156 -5.119348415598158 56.61089385957639 225391.59947114985 12898.191173002773 -113184.08675201127 downlink 30.0
"2030-01-05 00:00:00.000" 54.49721656258894 -7.936158418299153 57.19745443885344 -9398.880640627189 -232558.5445713222 -125465.24011283963 downlink 30.0
"2030-01-05 06:00:00.000" 50.5997945256354 -10.490540181788829 57.92458660344558 -237172.1682987082 31656.226543873538 -136472.36095047652 downlink 30.0
"2030-01-05 12:00:00.000" 46.94200102818839 -12.822982229797177 58.76403052659237 53662.546242666525 239465.46911578576 -146254.6662282851 downlink 30.0
"2030-01-05 18:00:00.000" 43.47398382425219 -14.966790083639138 59.696957835386485 239643.68799314575 -75250.61299484258 -154860.88028070435 downlink 30.0
"2030-01-06 00:00:00.000" 40.15667362333158 -16.949521814340283 60.71098822715255 -96285.0412408431 -237889.22605529617 -162336.15505412713 downlink 30.0
"2030-01-06 06:00:00.000" 36.95874559930587 -18.7942217899681 61.79832551300373 -234364.47664632834 116653.20347183564 -168723.3743353645 downlink 30.0
"2030-01-06 12:00:00.000" 33.85452792725105 -20.520453268743218 62.9545941673263 136260.20732973533 229214.12666656435 -174063.67711792167 downlink 30.0
"2030-01-06 18:00:00.000" 30.822525802795 -22.145170015479028 64.1781365360939 222568.88046894319 -155025.44750219258 -178393.9838073086 downlink 30.0
"2030-01-07 00:00:00.000" 27.844353153520572 -23.683480745321102 65.46963730852843 -172878.30317065248 -214548.73156032196 -181746.57112061945 downlink 30.0
"2030-01-07 06:00:00.000" 24.903937621163614 -25.149368004341266 66.83201113980037 -205263.87119642601 189754.69687838134 -184151.78978207882 downlink 30.0
"2030-01-07 12:00:00.000" 21.986907902632083 -26.556435745120034 68.27054320736234 205596.27063223254 194815.42617938737 -185638.41074450946 downlink 30.0
"2030-01-07 18:00:00.000" 19.080096697684933 -27.918786733268938 69.79332825620894 183298.05458145676 -220349.81422223648 -186231.21246042583 downlink 30.0
"2030-01-08 00:00:00.000" 16.171101292782218 -29.252186625775227 71.4121320314331 -233964.8778064086 -170802.17357712507 -185951.4183280022 downlink 30.0
"2030-01-08 06:00:00.000" 13.247834411649933 -30.575785014079642 73.14393608150903 -157413.92901099977 246391.8189896399 -184819.54111131097 downlink 30.0
"2030-01-08 12:00:00.000" 10.297954691494779 -31.91490152296749 75.0137017780423 257582.12875703294 143215.31856059353 -182854.98368656673 downlink 30.0
"2030-01-08 18:00:00.000" 7.307939426537871 -33.30590771430596 77.05949701934217 128286.36865077449 -267488.5869507589 -180073.61525048484 downlink 30.0
"2030-01-09 00:00:00.000" 4.261191522304128 -34.805468374796305 79.34260497116904 -276063.3923871272 -112706.9726340388 -176488.88688155924 downlink 30.0
"2030-01-09 06:00:00.000" 1.1333818453950597 -36.50958483581213 81.96923093649576 -96556.65309161661 283256.673139206 -172114.52460017335 downlink 30.0
"2030-01-09 12:00:00.000" 357.8787974934349 -38.59704965521929 85.14284851022539 289017.06306809274 79914.70967145484 -166963.44529807358 downlink 30.0
"2030-01-09 18:00:00.000" 354.3811732721182 -41.44230340942176 89.3128098129237 62862.42695123728 -293291.910009745 -161045.57949158183 downlink 30.0
"2030-01-10 00:00:00.000" 350.2160853414265 -45.961292573879135 95.7150114681839 -296025.5351581613 -45484.988360483774 -154369.66883178547 downlink 30.0
"2030-01-10 06:00:00.000" 342.7588984327783 -54.84863316923721 109.41723863630635 -27871.659448622093 297157.89058604743 -146945.72110881744 downlink 30.0
"2030-01-10 12:00:00.000" 293.2828462145157 -70.11196284568628 177.78181759652637 296624.99987624533 10116.614348045101 -138783.49433707917 downlink 30.0
"2030-01-10 18:00:00.000" 237.82444060586423 -38.105802943609255 -93.2873477244372 -7678.221511465335 -294358.914096168 -129890.96697173835 downlink 30.0
"2030-01-11 00:00:00.000" 237.09009431374872 -18.319608663575938 -76.21009305224513 -290285.98789683194 25400.413359382062 -120276.97711715719 downlink 30.0
"2030-01-11 06:00:00.000" 236.3408963416885 -9.868950685180236 -70.15087915301987 42925.29929509963 284325.6116168026 -109953.64018322786 downlink 30.0
"2030-01-11 12:00:00.000" 234.61111114270813 -4.728003345704015 -67.26983740656155 276390.39702212217 -60113.09503833537 -98935.09643124703 downlink 30.0
"2030-01-11 18:00:00.000" 232.233214437679 -0.8168828637960365 -65.75674876467204 -76803.73739744531 -266385.9289552106 -87237.60085311746 downlink 30.0
"2030-01-12 00:00:00.000" 229.3572585776338 2.564585049793221 -65.01354634506458 -254209.49121189502 92810.98557982809 -74883.97997801653 downlink 30.0
"2030-01-12 06:00:00.000" 226.02146088909552 5.715654910694774 -64.80883814969384 107915.90243320487 239749.73452524535 -61907.54264003496 downlink 30.0
"2030-01-12 12:00:00.000" 222.19879146267556 8.788033275730353 -65.05975195143645 222888.14866638524 -121857.47292478767 -48353.88539852098 downlink 30.0
"2030-01-12 18:00:00.000" 217.81192958209203 11.86728157714212 -65.76332573848306 -134319.22774883916 -203501.64518857189 -34286.73636588887 downlink 30.0
"2030-01-13 00:00:00.000" 212.73168395002241 15.000908100151143 -66.97611069416395 -181467.59256315665 144912.1190246094 -19800.114081583764 downlink 30.0
"2030-01-13 06:00:00.000" 206.7642470462892 18.20348265893204 -68.81490801641942 153152.34098204 156675.24356215785 -5033.19220228149 downlink 30.0
"2030-01-13 12:00:00.000" 199.62869200775842 21.444615647384705 -71.4702456196252 129048.48812138362 -158432.02601313355 9809.343303991553 downlink 30.0
"2030-01-13 18:00:00.000" 190.92807951331875 24.614332891630703 -75.22666480224466 -159983.82662503602 -98588.56598115894 24421.87252555873 downlink 30.0
"2030-01-14 00:00:00.000" 180.1324518032488 27.45130808264168 -80.471484208969 -65454.257077226175 156846.5939712346 38342.9727665851 downlink 30.0
"2030-01-14 06:00:00.000" 166.6395792558506 29.41759658725748 -87.63091585442447 147854.71983543583 30107.449365786706 50882.54649169767 downlink 30.0
"2030-01-14 12:00:00.000" 243.4919966057956 5.999563254005829 119.7227403148985 -6445.01071953144 -131714.25768926786 61039.94625723234 downlink 30.0
"2030-01-14 18:00:00.000" 229.01373799483775 15.81303234268655 117.56056085703386 -107300.54030462936 42323.95337080261 67470.03057580299 downlink 30.0
"2030-01-15 00:00:00.000" 211.10170705053443 27.153089666587682 111.04036193177423 74560.5908331127 74338.1091668066 68661.74938043766 downlink 30.0
"2030-01-15 06:00:00.000" 188.76136920929034 41.93856435741993 95.0021516465186 34317.305476663445 -99515.69006569136 63521.39999800838 downlink 30.0
"2030-01-15 12:00:00.000" 58.8902054118179 35.276279198178365 -90.64292009799829 -114299.46427537335 9264.367186480607 52145.756851794315 downlink 30.0
"2030-01-15 18:00:00.000" 48.29559350720479 -0.22652817095371228 -112.53957631908293 52172.81065872657 118212.9987839392 35969.515907690875 downlink 30.0
"2030-01-16 00:00:00.000" 34.82046046701339 -11.81059626605985 -112.11265583640488 112685.94802348869 -91195.99043172016 16999.600176316453 downlink 30.0
"2030-01-16 06:00:00.000" 21.893584366309387 -19.027105162732973 -108.34355525840832 -124776.780401588 -100054.091488989 -3025.90488910767 downlink 30.0
"2030-01-16 12:00:00.000" 10.073829170075623 -23.63056884719807 -103.44973486587583 -82543.09328040523 152593.80255179413 -22941.755524856348 downlink 30.0
"2030-01-16 18:00:00.000" 359.4660428984693 -26.41176753082677 -98.30307637725798 174954.395478515 61893.140885548695 -42075.733136723495 downlink 30.0
"2030-01-17 00:00:00.000" 350.045097237619 -27.908016818905327 -93.32489586952573 39358.21781249183 -192396.43650894766 -60078.206672455526 downlink 30.0
"2030-01-17 06:00:00.000" 72.33105764516301 -1.1366578916365986 61.48833704907114 -205494.23184666957 -15816.969836127835 -76788.80606186707 downlink 30.0
"2030-01-17 12:00:00.000" 66.99171911016508 -4.826187247174077 61.424546229831606 8116.875564492826 214780.4805394872 -92153.59804834925 downlink 30.0
"2030-01-17 18:00:00.000" 62.25341220484225 -8.181950101858654 61.710725404258355 220723.293278798 -32011.38452147373 -106174.69625138912 downlink 30.0
"2030-01-18 00:00:00.000" 57.97212187553366 -11.257576074660614 62.256079368811456 -55558.08751140548 -223725.94021304563 -118881.2818473463 downlink 30.0
"2030-01-18 06:00:00.000" 54.04497927351706 -14.102344809587867 63.00345926936506 -224133.36187675706 78532.3093410774 -130316.26933660012 downlink 30.0
"2030-01-18 12:00:00.000" 50.39638363860625 -16.76001743698183 63.91716745872163 100767.70161394036 222240.28574963828 -140529.1946816033 downlink 30.0
"2030-01-18 18:00:00.000" 46.9692392951692 -19.269450741080764 64.9759287229724 218300.38547441582 -122139.53232110744 -149569.59735644562 downlink 30.0
"2030-01-19 00:00:00.000" 43.719256368200185 -21.665846370250687 66.16886084605105 -142552.01524068805 -212534.5031973553 -157483.87275579438 downlink 30.0
"2030-01-19 06:00:00.000" 40.611104271996574 -23.982235184232024 67.49330257954104 -205135.98312768634 161929.20122922576 -164316.46905032036 downlink 30.0
"2030-01-19 12:00:00.000" 37.61567707485619 -26.251116268291455 68.95392473812964 180210.08620560842 196274.81398157595 -170109.78823782358 downlink 30.0
"2030-01-19 18:00:00.000" 34.70797721596763 -28.506328554797534 70.56290103766656 186102.67458945565 -197345.4120840169 -174901.56190629158 downlink 30.0
"2030-01-20 00:00:00.000" 31.8652228453098 -30.785345798150768 72.34119044204286 -213293.6963406642 -174757.20768672004 -178724.920816277 downlink 30.0
"2030-01-20 06:00:00.000" 29.064746785793247 -33.13231369247252 74.32129348093036 -162363.72320363985 228018.10625030092 -181611.12745902175 downlink 30.0
"2030-01-20 12:00:00.000" 26.281018266714547 -35.60233774567069 76.55233690430711 241485.9022089701 149036.52498418646 -183589.40533319447 downlink 30.0
"2030-01-20 18:00:00.000" 23.48046311675952 -38.26783075143818 79.10930282483871 134881.92467795458 -253668.13736398026 -184684.6068589245 downlink 30.0
"2030-01-21 00:00:00.000" 20.61104558043428 -41.22817199050652 82.11035917046806 -264537.55141098535 -120000.80339690865 -184918.2028076576 downlink 30.0
"2030-01-21 06:00:00.000" 17.578859862102497 -44.62438980395077 85.75156011853053 -104488.85732261222 274066.8638076295 -184311.00909121972 downlink 30.0
"2030-01-21 12:00:00.000" 14.189731333717786 -48.660033260320354 90.38303970905449 282229.31758468156 88436.91705782327 -182882.27790878157 downlink 30.0
"2030-01-21 18:00:00.000" 9.985165096182591 -53.62234911649399 96.69889728386886 71933.26417632167 -288999.06285510905 -180647.48578765045 downlink 30.0
"2030-01-22 00:00:00.000" 3.708922763253908 -59.856069046409324 106.29874849854586 -294349.51444443053 -55065.59137212756 -177619.95205083466 downlink 30.0
"2030-01-22 06:00:00.000" 351.26989225569383 -67.4097468764443 123.71623977880884 -37920.85589556823 298252.0719063833 -173813.25626457177 downlink 30.0
"2030-01-22 12:00:00.000" 319.4068378648891 -73.82076379664902 162.57337045153858 300676.92023906135 20585.477229917757 -169239.6669118226 downlink 30.0
"2030-01-22 18:00:00.000" 272.0511178325402 -70.24629574843975 -141.3366941351664 3147.58920929578 -301593.4923116764 -163908.26466581042 downlink 30.0
"2030-01-23 00:00:00.000" 251.0808704883354 -58.153484773103244 -111.27278228656401 -300968.9814562125 14301.003981825084 -157827.13259085562 downlink 30.0
"2030-01-23 06:00:00.000" 244.24323910902302 -45.869640365849435 -96.67999004723853 31664.65073955089 298767.2645160107 -151005.38002775557 downlink 30.0
"2030-01-23 12:00:00.000" 241.34425702810228 -35.93929627154801 -88.13464909430765 294949.68170553935 -48843.072722754914 -143451.171927178 downlink 30.0
"2030-01-23 18:00:00.000" 239.434551374887 -28.260866496074733 -82.57043215378728 -65728.56101775356 -289475.39915538166 -135170.52296454427 downlink 30.0
"2030-01-24 00:00:00.000" 237.6507207004416 -22.198785635684352 -78.7280971569445 -282300.1101506499 82203.28782765464 -126170.13526495188 downlink 30.0
"2030-01-24 06:00:00.000" 235.72799255736666 -17.21011985564568 -75.98456383496425 98137.77912133317 273375.2617829923 -116459.19143810365 downlink 30.0
"2030-01-24 12:00:00.000" 233.57850666384584 -12.920442886919504 -74.00061451811489 262648.90027250804 -113388.31942415789 -106047.60257207262 downlink 30.0
"2030-01-24 18:00:00.000" 231.16362719703397 -9.081699268186522 -72.58319757521981 -127792.16764563197 -250066.21888747017 -94946.2439757385 downlink 30.0
"2030-01-25 00:00:00.000" 228.45225241888082 -5.527315714859438 -71.62283172773185 -235569.1471350474 141162.22726586624 -83171.14827980401 downlink 30.0
"2030-01-25 06:00:00.000" 225.40516844088782 -2.1417694768751305 -71.0632618008203 153281.48727659072 219097.02385852972 -70746.28067635797 downlink 30.0
"2030-01-25 12:00:00.000" 221.96683640506774 1.1578045054900763 -70.8871147349042 200589.29995297766 -163895.06496278732 -57704.266574907895 downlink 30.0
"2030-01-25 18:00:00.000" 218.05808265885514 4.431766901478796 -71.11083182841882 -172698.8265236754 -179989.41579937207 -44091.29525841629 downlink 30.0
"2030-01-26 00:00:00.000" 213.5666876145873 7.721995700663691 -71.78631741369782 -157250.8646862882 179325.22200863884 -29977.225128118844 downlink 30.0
"2030-01-26 06:00:00.000" 208.33371435106372 11.049838043096885 -73.00894143322134 183325.52262603116 132348.96208427195 -15466.864733166627 downlink 30.0
"2030-01-26 12:00:00.000" 202.13360511471586 14.405477519588102 -74.93279385487249 105302.23570646202 -184146.64722052598 -715.6993068240922 downlink 30.0
"2030-01-26 18:00:00.000" 194.6474090264967 17.722033118591334 -77.79396762028298 -181103.4274993638 -76209.61435510207 14040.931090771988 downlink 30.0
