downlinks.ecsv
# %ECSV 1.0
# ---
# datatype:
# - {name: start_time, datatype: string}
# - {name: target_coord.ra, unit: deg, datatype: float64}
# - {name: target_coord.dec, unit: deg, datatype: float64}
# - {name: roll, unit: deg, datatype: float64}
# - {name: observer_location.x, unit: km, datatype: float64}
# - {name: observer_location.y, unit: km, datatype: float64}
# - {name: observer_location.z, unit: km, datatype: float64}
# - {name: action, datatype: string}
# - {name: duration, unit: min, datatype: float64}
# meta: !!omap
# - __serialized_columns__:
#     duration:
#       __class__: astropy.units.quantity.Quantity
#       unit: !astropy.units.Unit {unit: min}
#       value: !astropy.table.SerializedColumn {name: duration}
#     observer_location:
#       __class__: astropy.coordinates.earth.EarthLocation
#       ellipsoid: WGS84
#       x: !astropy.table.SerializedColumn
#         __class__: astropy.units.quantity.Quantity
#         unit: &id001 !astropy.units.Unit {unit: km}
#         value: !astropy.table.SerializedColumn {name: observer_location.x}
#       y: !astropy.table.SerializedColumn
#         __class__: astropy.units.quantity.Quantity
#         unit: *id001
#         value: !astropy.table.SerializedColumn {name: observer_location.y}
#       z: !astropy.table.SerializedColumn
#         __class__: astropy.units.quantity.Quantity
#         unit: *id001
#         value: !astropy.table.SerializedColumn {name: observer_location.z}
#     roll:
#       __class__: astropy.units.quantity.Quantity
#       unit: &id002 !astropy.units.Unit {unit: deg}
#       value: !astropy.table.SerializedColumn {name: roll}
#     start_time:
#       __class__: astropy.time.core.Time
#       format: iso
#       in_subfmt: '*'
#       out_subfmt: '*'
#       precision: 3
#       scale: utc
#       value: !astropy.table.SerializedColumn {name: start_time}
#     target_coord:
#       __class__: astropy.coordinates.sky_coordinate.SkyCoord
#       dec: !astropy.table.SerializedColumn
#         __class__: astropy.coordinates.angles.core.Latitude
#         unit: *id002
#         value: !astropy.table.SerializedColumn {name: target_coord.dec}
#       frame: icrs
#       ra: !astropy.table.SerializedColumn
#         __class__: astropy.coordinates.angles.core.Longitude
#         unit: *id002
#         value: !astropy.table.SerializedColumn {name: target_coord.ra}
#         wrap_angle: !astropy.coordinates.Angle
#           unit: *id002
#           value: 360.0
#       representation_type: unitspherical
# schema: astropy-2.0
start_time target_coord.ra target_coord.dec roll observer_location.x observer_location.y observer_location.z action duration
"2030-01-01 00:00:00.000" 174.52342132092147 34.128505977302105 -78.65241364530826 -81736.52119853946 139032.02305944866 46928.76028884678 downlink 30.0
"2030-01-01 06:00:00.000" 158.64579370089893 35.1576311878377 -87.52200261586798 135210.67836858152 43737.85184538494 58338.40569388528 downlink 30.0
"2030-01-01 12:00:00.000" 139.71374236363778 33.90361282652284 -97.98645716796702 3619.452465323472 -124018.99043594197 66683.65682016313 downlink 30.0
"2030-01-01 18:00:00.000" 118.83545616093711 29.248390154328124 -108.46343330433223 -104180.78670360462 36490.14791718817 70529.5654501829 downlink 30.0
"2030-01-02 00:00:00.000" 97.87858209276473 21.051727611757794 63.53586513984834 73256.72456529684 75429.43694922653 68527.56979604681 downlink 30.0
"2030-01-02 06:00:00.000" 77.8134307001998 11.38295415956654 60.526575903596594 39365.39536866842 -102834.61334239278 60121.8556213148 downlink 30.0
"2030-01-02 12:00:00.000" 138.21438843615823 56.58476005652655 -127.56540533302234 -122461.91010804419 630.8427651015733 46084.39222816762 downlink 30.0
"2030-01-02 18:00:00.000" 128.0661026941441 32.99489669207768 -108.15520177565644 40788.13420300863 131600.77388224044 28194.839357512494 downlink 30.0
"2030-01-03 00:00:00.000" 111.56920638580597 26.614737261162727 -114.59360930331539 131550.01713812083 -78335.37682583893 8367.98922922202 downlink 30.0
"2030-01-03 06:00:00.000" 98.88740408136164 20.53989213522555 61.03374649959779 -111838.7392794254 -124317.58001915297 -11930.321941330709 downlink 30.0
"2030-01-03 12:00:00.000" 88.95737195697221 14.926820477624144 58.40605853361314 -111825.02016248339 140832.67480013316 -31776.956496014336 downlink 30.0
"2030-01-03 18:00:00.000" 80.91834981991917 9.898956871466597 56.94443330736532 165373.10888218955 95622.16646932114 -50657.83692941634 downlink 30.0
"2030-01-04 00:00:00.000" 74.19221540764322 5.4469680247330095 56.24458017606506 76876.02318369587 -185743.58372617027 -68313.77643552938 downlink 30.0
"2030-01-04 06:00:00.000" 68.40101505592705 1.5082661500528003 56.051847697868276 -202301.30608792359 -56445.80566231267 -84632.54409274766 downlink 30.0
"2030-01-04 12:00:00.000" 63.29384660508255 -1.9909125569450858 56.207432241240866 -34963.383362589026 215405.98339220748 -99584.63371331098 downlink 30.0
"2030-01-04 18:00:00.000" 58.69943124358727 -5.119348415603203 56.6108938595786 225391.65155121396 12897.281047687942 -113184.0867532997 downlink 30.0
"2030-01-05 00:00:00.000" 54.49721656256782 -7.9361584183053235 57.197454438855935 -9399.81970631724 -232558.50661708874 -125465.24011262693 downlink 30.0
"2030-01-05 06:00:00.000" 50.59979452561514 -10.490540181794794 57.924586603447686 -237172.0404705699 31657.184238269736 -136472.36094915174 downlink 30.0
"2030-01-05 12:00:00.000" 46.942001028165556 -12.822982229804214 58.76403052659534 53663.51319643267 239465.25242583497 -146254.6662287538 downlink 30.0
"2030-01-05 18:00:00.000" 43.47398382422976 -14.966790083645753 59.696957835389775 239643.38413038966 -75251.58066901211 -154860.8802820133 downlink 30.0
"2030-01-06 00:00:00.000" 40.156673623312834 -16.94952181434632 60.71098822715519 -96286.00183118045 -237888.83725709992 -162336.1550534175 downlink 30.0
"2030-01-06 06:00:00.000" 36.95874559928428 -18.794221789975218 61.7983255130079 -234364.00560292113 116654.14982813448 -168723.3743341139 downlink 30.0
"2030-01-06 12:00:00.000" 33.85452792723267 -20.52045326875104 62.95459416732962 136261.13288802898 229213.57644957508 -174063.6771188523 downlink 30.0
"2030-01-06 18:00:00.000" 30.82252580277366 -22.145170015488215 64.17813653609936 222568.25447758648 -155026.3462281207 -178393.98380846594 downlink 30.0
"2030-01-07 00:00:00.000" 27.844353153502176 -23.683480745329327 65.46963730853354 -172879.16951219598 -214548.03348082854 -181746.57111949098 downlink 30.0
"2030-01-07 06:00:00.000" 24.90393762114509 -25.14936800435052 66.83201113980657 -205263.10497151213 189755.52572661656 -184151.7897810435 downlink 30.0
"2030-01-07 12:00:00.000" 21.986907902612288 -26.556435745128375 68.27054320736967 205597.05728888066 194814.59598553783 -185638.41074581016 downlink 30.0
"2030-01-07 18:00:00.000" 19.08009669766556 -27.918786733281898 69.79332825621802 183297.16481236432 -220350.5543731134 -186231.21246131547 downlink 30.0
"2030-01-08 00:00:00.000" 16.171101292765883 -29.25218662578516 71.41213203144125 -233965.56750006622 -170801.22883207706 -185951.41832655692 downlink 30.0
"2030-01-08 06:00:00.000" 13.247834411633262 -30.575785014091732 73.14393608151927 -157412.93408733385 246392.4546206482 -184819.5411105861 downlink 30.0
"2030-01-08 12:00:00.000" 10.29795469147403 -31.91490152298518 75.01370177805757 257582.70705344566 143214.27844968913 -182854.98368812722 downlink 30.0
"2030-01-08 18:00:00.000" 7.30793942651933 -33.305907714325016 77.05949701935839 128285.28853708672 -267489.10496555973 -180073.61525102987 downlink 30.0
"2030-01-09 00:00:00.000" 4.2611915222850705 -34.805468374817366 79.34260497118834 -276063.84749355726 -112705.85789679864 -176488.88687991476 downlink 30.0
"2030-01-09 06:00:00.000" 1.13338184537788 -36.50958483583719 81.96923093651834 -96555.50930909302 283257.0630299081 -172114.52459981927 downlink 30.0
"2030-01-09 12:00:00.000" 357.878797493413 -38.597049655250935 85.14284851025694 289017.38575820695 79913.5426276699 -166963.44529976914 downlink 30.0
"2030-01-09 18:00:00.000" 354.38117327209574 -41.442303409465275 89.31280981296784 62861.242645076105 -293292.16384422994 -161045.57949173776 downlink 30.0
"2030-01-10 00:00:00.000" 350.2160853413915 -45.96129257394971 95.71501146826355 -296025.71882376564 -45483.79301718895 -154369.6688300737 downlink 30.0
"2030-01-10 06:00:00.000" 342.75889843268027 -54.84863316936003 109.41723863649814 -27870.459533779016 297158.0031285241 -146945.7211088628 downlink 30.0
"2030-01-10 12:00:00.000" 293.28284621364 -70.11196284569725 177.78181759761733 296625.040723652 10115.41658420716 -138783.4943387701 downlink 30.0
"2030-01-10 18:00:00.000" 237.82444060582932 -38.10580294347942 -93.28734772429968 -7679.410125407968 -294358.88308940816 -129890.96697149306 downlink 30.0
"2030-01-11 00:00:00.000" 237.0900943137302 -18.319608663550135 -76.2100930522227 -290285.8853289718 25401.585525995455 -120276.97711552658 downlink 30.0
"2030-01-11 06:00:00.000" 236.34089634166546 -9.86895068518177 -70.15087915302279 42926.44739318338 284325.4382832225 -109953.64018366637 downlink 30.0
"2030-01-11 12:00:00.000" 234.61111114267953 -4.728003345709757 -67.26983740656947 276390.15428426873 -60114.211094798935 -98935.09643277497 downlink 30.0
"2030-01-11 18:00:00.000" 232.23321443765062 -0.816882863806209 -65.75674876468294 -76804.81305643108 -266385.6188217015 -87237.6008524989 downlink 30.0
"2030-01-12 00:00:00.000" 229.35725857760607 2.5645850497877736 -65.01354634507368 -254209.1164420189 92812.01207001324 -74883.97997663693 downlink 30.0
"2030-01-12 06:00:00.000" 226.02146088906554 5.715654910684829 -64.80883814970511 107916.8705348567 239749.29876178034 -61907.542640811895 downlink 30.0
"2030-01-12 12:00:00.000" 222.19879146264734 8.788033275722622 -65.05975195144572 222887.65660714105 -121858.3729400934 -48353.88539970287 downlink 30.0
"2030-01-12 18:00:00.000" 217.81192958206532 11.867281577135712 -65.76332573849079 -134320.04948203242 -203501.10280955757 -34286.73636498687 downlink 30.0
"2030-01-13 00:00:00.000" 212.73168394999342 15.00090810014403 -66.9761106941715 -181467.00741060483 144912.85178460449 -19800.114080652824 downlink 30.0
"2030-01-13 06:00:00.000" 206.76424704626353 18.20348265892649 -68.81490801642397 153152.97363111927 156674.6251359051 -5033.192203258323 downlink 30.0
"2030-01-13 12:00:00.000" 199.6286920077337 21.44461564737942 -71.4702456196276 129047.8483761867 -158432.54710611101 9809.343303367472 downlink 30.0
"2030-01-13 18:00:00.000" 190.92807951328962 24.61433289162446 -75.22666480224602 -159984.22472153394 -98587.91997000939 24421.872526534546 downlink 30.0
"2030-01-14 00:00:00.000" 180.13245180322397 27.45130808263624 -80.47148420896782 -65453.6237342057 156846.85827248727 38342.97276684923 downlink 30.0
"2030-01-14 06:00:00.000" 166.63957925583472 29.417596587253712 -87.63091585442083 147854.8414075771 30106.852332257902 50882.54649083764 downlink 30.0
"2030-01-14 12:00:00.000" 150.0689519014545 29.545663523294845 -96.89856275476637 -6445.5425777129985 -131714.2316633747 61039.94625735918 downlink 30.0
"2030-01-14 18:00:00.000" 130.91199108448183 26.43606298875614 -107.71423163983714 -107300.36940040204 42324.3866471594 67470.03057638316 downlink 30.0
"2030-01-15 00:00:00.000" 111.13902979076738 18.631301947799038 61.213792785837434 74560.89100815223 74337.8080926151 68661.74937996342 downlink 30.0
"2030-01-15 06:00:00.000" 95.41024720856865 3.71988053222478 47.95793889498464 34316.90363510449 -99515.82863717922 63521.39999788174 downlink 30.0
"2030-01-15 12:00:00.000" 149.2610389542277 0.5258436331856877 -54.7194181141878 -114299.42686488394 9264.828724554049 52145.756852436876 downlink 30.0
"2030-01-15 18:00:00.000" 138.19799192469992 22.5417131483086 -90.24633670810519 52173.287999367436 118212.78811061491 35969.515907313675 downlink 30.0
"2030-01-16 00:00:00.000" 120.0605993071844 21.62212757095954 -102.72139768436202 112685.57977574412 -91196.44545375014 16999.600175739197 downlink 30.0
"2030-01-16 06:00:00.000" 105.71708411709915 17.309475740339312 70.02957766083503 -124777.18441627797 -100053.58764294238 -3025.9048883307278 downlink 30.0
"2030-01-16 12:00:00.000" 94.59035075333898 12.303987482767472 65.77493262751969 -82542.47711025347 152594.1358572917 -22941.755524492288 downlink 30.0
"2030-01-16 18:00:00.000" 85.74361153470838 7.431821562015097 63.342891810534155 174954.64539966485 61892.43442393742 -42075.73313775916 downlink 30.0
"2030-01-17 00:00:00.000" 78.47906165053573 2.93867132364752 62.04799322630819 39357.440920265995 -192396.5954348305 -60078.206672547145 downlink 30.0
"2030-01-17 06:00:00.000" 72.3310576451436 -1.136657891640826 61.48833704907239 -205494.2957139226 -15816.140055953068 -76788.80606068959 downlink 30.0
"2030-01-17 12:00:00.000" 66.99171911014314 -4.826187247179035 61.424546229833425 8117.742841620622 214780.44776195107 -92153.5980485425 downlink 30.0
"2030-01-17 18:00:00.000" 62.2534122048191 -8.181950101864926 61.71072540425961 220723.164015298 -32012.275795924535 -106174.69625262028 downlink 30.0
"2030-01-18 00:00:00.000" 57.972121875511334 -11.257576074666575 62.25607936881371 -55558.99091086656 -223725.71586926244 -118881.2818468776 downlink 30.0
"2030-01-18 06:00:00.000" 54.04497927349598 -14.102344809594111 63.00345926936785 -224133.04476434612 78533.2143847509 -130316.26933538147 downlink 30.0
"2030-01-18 12:00:00.000" 50.396383638589086 -16.76001743698649 63.91716745872331 100768.59901252795 222239.87885050187 -140529.19468232765 downlink 30.0
"2030-01-18 18:00:00.000" 46.969239295146636 -19.269450741089226 64.97592872297662 218299.89227568626 -122140.41381121754 -149569.59735760128 downlink 30.0
"2030-01-19 00:00:00.000" 43.71925636817829 -21.665846370259597 66.16886084605729 -142552.87344894797 -212533.92757458048 -157483.87275483945 downlink 30.0
"2030-01-19 06:00:00.000" 40.61110427197486 -23.982235184240967 67.49330257954755 -205135.32926124812 161930.02956129875 -164316.4690492667 downlink 30.0
"2030-01-19 12:00:00.000" 37.61567707483701 -26.251116268298627 68.95392473813614 180210.87875551425 196274.0862964507 -170109.78823898116 downlink 30.0
"2030-01-19 18:00:00.000" 34.707977215946435 -28.50632855480855 70.56290103767547 186101.8777115532 -197346.16356005272 -174901.56190721292 downlink 30.0
"2030-01-20 00:00:00.000" 31.865222845288923 -30.785345798163927 72.3411904420539 -213294.40200477888 -174756.34641128854 -178724.92081494635 downlink 30.0
"2030-01-20 06:00:00.000" 29.064746785772304 -33.132313692487784 74.32129348094347 -162362.8024724523 228018.76186860408 -181611.12745825623 downlink 30.0
"2030-01-20 12:00:00.000" 26.28101826669561 -35.60233774568522 76.55233690431879 241486.50401137845 149035.54986936483 -183589.40533466756 downlink 30.0
"2030-01-20 18:00:00.000" 23.480463116740957 -38.26783075145714 79.1093028248555 134880.9003707854 -253668.68201157232 -184684.60685951644 downlink 30.0
"2030-01-21 00:00:00.000" 20.61104558041472 -41.22817199052976 82.1103591704892 -264538.03596985014 -119999.7352006385 -184918.20280607353 downlink 30.0
"2030-01-21 06:00:00.000" 17.57885986208124 -44.624389803977714 85.7515601185572 -104487.75064829241 274067.28572842234 -184311.0090908143 downlink 30.0
"2030-01-21 12:00:00.000" 14.189731333695127 -48.66003326035626 90.38303970908976 282229.67468719924 88435.7774226971 -182882.27791044445 downlink 30.0
"2030-01-21 18:00:00.000" 9.985165096148751 -53.62234911654503 96.69889728392647 71932.09720437502 -288999.35331743583 -180647.48578786082 downlink 30.0
"2030-01-22 00:00:00.000" 3.7089227631934176 -59.85606904647151 106.29874849864115 -294349.7367963955 -55064.402796488095 -177619.95204912583 downlink 30.0
"2030-01-22 06:00:00.000" 351.2698922555514 -67.40974687651165 123.71623977899907 -37919.65156251298 298252.22502721474 -173813.25626456086 downlink 30.0
"2030-01-22 12:00:00.000" 319.40683786452485 -73.82076379667919 162.57337045196778 300677.0033592443 20584.2631044382 -169239.6669135437 downlink 30.0
"2030-01-22 18:00:00.000" 272.0511178323032 -70.24629574838153 -141.33669413486942 3146.3713820507915 -301593.50501920923 -163908.26466562162 downlink 30.0
"2030-01-23 00:00:00.000" 251.0808704882565 -58.15348477303111 -111.27278228643723 -300968.9237075908 14302.219286139909 -157827.13258915674 downlink 30.0
"2030-01-23 06:00:00.000" 244.24323910898354 -45.86964036578303 -96.67999004716302 31665.85715250205 298767.13665247534 -151005.38002814003 downlink 30.0
"2030-01-23 12:00:00.000" 241.34425702807954 -35.939296271511466 -88.13464909427181 294949.4844753261 -48844.26372121794 -143451.171928819 downlink 30.0
"2030-01-23 18:00:00.000" 239.43455137486924 -28.260866496056988 -82.57043215377048 -65729.7299117363 -289475.1337429811 -135170.52296397276 downlink 30.0
"2030-01-24 00:00:00.000" 237.65072070042095 -22.198785635667384 -78.72809715693045 -282299.7782144302 82204.42774704433 -126170.13526340552 downlink 30.0
"2030-01-24 06:00:00.000" 235.72799255734222 -17.21011985563866 -75.98456383495673 98138.88300172392 273374.86550300795 -116459.19143884811 downlink 30.0
"2030-01-24 12:00:00.000" 233.57850666382652 -12.920442886916321 -74.00061451811234 262648.4424108295 -113389.37999238797 -106047.60257348605 downlink 30.0
"2030-01-24 18:00:00.000" 231.16362719700777 -9.081699268182964 -72.58319757521707 -127793.17740569451 -250065.7028642122 -94946.24397484165 downlink 30.0
"2030-01-25 00:00:00.000" 228.4522524188535 -5.527315714858483 -71.62283172773093 -235568.57712437495 141163.17848645046 -83171.14827856336 downlink 30.0
"2030-01-25 06:00:00.000" 225.4051684408622 -2.1417694768770987 -71.06326180082291 153282.37198274687 219096.40491022947 -70746.28067737831 downlink 30.0
"2030-01-25 12:00:00.000" 221.96683640504588 1.1578045054907133 -70.88711473490413 200588.63814722124 -163895.87493560233 -57704.26657593439 downlink 30.0
"2030-01-25 18:00:00.000" 218.05808265883178 4.431766901478249 -71.11083182841885 -172699.55331486525 -179988.71844478787 -44091.295257312515 downlink 30.0
"2030-01-26 00:00:00.000" 213.56668761456262 7.721995700662651 -71.786317413698 -157250.14057482022 179325.85698185963 -29977.225127348967 downlink 30.0
"2030-01-26 06:00:00.000" 208.33371435104098 11.04983804309642 -73.00894143321936 183326.05704594843 132348.22181972137 -15466.864734298091 downlink 30.0
"2030-01-26 12:00:00.000" 202.13360511468903 14.405477519585009 -74.93279385487224 105301.49212645978 -184147.07242658132 -715.6993072957406 downlink 30.0
"2030-01-26 18:00:00.000" 194.64740902647915 17.72203311859116 -77.79396762027837 -181103.73523014778 -76208.88306377997 14040.931091852372 downlink 30.0
