downlinks.ecsv
# %ECSV 1.0
# ---
# datatype:
# - {name: start_time, datatype: string}
# - {name: target_coord.ra, unit: deg, datatype: float64}
# - {name: target_coord.dec, unit: deg, datatype: float64}
# - {name: roll, unit: deg, datatype: float64}
# - {name: observer_location.x, unit: km, datatype: float64}
# - {name: observer_location.y, unit: km, datatype: float64}
# - {name: observer_location.z, unit: km, datatype: float64}
# - {name: action, datatype: string}
# - {name: duration, unit: min, datatype: float64}
# meta: !!omap
# - __serialized_columns__:
#     duration:
#       __class__: astropy.units.quantity.Quantity
#       unit: !astropy.units.Unit {unit: min}
#       value: !astropy.table.SerializedColumn {name: duration}
#     observer_location:
#       __class__: astropy.coordinates.earth.EarthLocation
#       ellipsoid: WGS84
#       x: !astropy.table.SerializedColumn
#         __class__: astropy.units.quantity.Quantity
#         unit: &id001 !astropy.units.Unit {unit: km}
#         value: !astropy.table.SerializedColumn {name: observer_location.x}
#       y: !astropy.table.SerializedColumn
#         __class__: astropy.units.quantity.Quantity
#         unit: *id001
#         value: !astropy.table.SerializedColumn {name: observer_location.y}
#       z: !astropy.table.SerializedColumn
#         __class__: astropy.units.quantity.Quantity
#         unit: *id001
#         value: !astropy.table.SerializedColumn {name: observer_location.z}
#     roll:
#       __class__: astropy.coordinates.angles.core.Angle
#       unit: &id002 !astropy.units.Unit {unit: deg}
#       value: !astropy.table.SerializedColumn {name: roll}
#     start_time:
#       __class__: astropy.time.core.Time
#       format: iso
#       in_subfmt: '*'
#       out_subfmt: '*'
#       precision: 3
#       scale: utc
#       value: !astropy.table.SerializedColumn {name: start_time}
#     target_coord:
#       __class__: astropy.coordinates.sky_coordinate.SkyCoord
#       dec: !astropy.table.SerializedColumn
#         __class__: astropy.coordinates.angles.core.Latitude
#         unit: *id002
#         value: !astropy.table.SerializedColumn {name: target_coord.dec}
#       frame: icrs
#       ra: !astropy.table.SerializedColumn
#         __class__: astropy.coordinates.angles.core.Longitude
#         unit: *id002
#         value: !astropy.table.SerializedColumn {name: target_coord.ra}
#         wrap_angle: !astropy.coordinates.Angle
#           unit: *id002
#           value: 360.0
#       representation_type: unitspherical
# schema: astropy-2.0
start_time target_coord.ra target_coord.dec roll observer_location.x observer_location.y observer_location.z action duration
[from data line 2298]
"2031-07-29 12:00:00.000" 209.3253652255866 10.309378543874255 -72.68216167729327 -192587.77677996006 270654.05800965626 -27137.495496843683 downlink 30.0
"2031-07-29 18:00:00.000" 206.18501371125728 10.222062888187017 -73.09786468313428 276596.7133499736 173836.79175993038 -25517.349974731 downlink 30.0
"2031-07-30 00:00:00.000" 202.94641366112222 10.191978375479158 -73.47947254130133 154119.38396398554 -280897.60811968485 -23767.403268880233 downlink 30.0
"2031-07-30 06:00:00.000" 199.58432361982273 10.217072366517272 -73.83322760136866 -283434.06729316065 -133504.72308593013 -21888.44886198332 downlink 30.0
"2031-07-30 12:00:00.000" 196.0698046881436 10.296856321124503 -74.16434556801056 -112071.50333610583 284070.62008980004 -19883.477868697195 downlink 30.0
"2031-07-30 18:00:00.000" 192.36888076869732 10.432464793107869 -74.47717973132706 282656.7333251849 89911.2165974804 -17756.505333802426 downlink 30.0
"2031-07-31 00:00:00.000" 188.44080403517785 10.62685893811496 -74.7752691609661 67132.83518808996 -279024.03420959786 -15510.37873542473 downlink 30.0
"2031-07-31 06:00:00.000" 184.2357415661532 10.885231669112766 -75.06122451511237 -272982.86045814847 -43869.07676831007 -13148.874732648841 downlink 30.0
"2031-07-31 12:00:00.000" 179.69162291706712 11.215731028817453 -75.33633558116253 -20284.92472814261 264318.47680647194 -10679.464537599271 downlink 30.0
"2031-07-31 18:00:00.000" 261.7582126755685 -14.09936782521798 101.99998117910847 252787.19926404307 -3410.1274258580656 -8112.3242704083 downlink 30.0
"2031-08-01 00:00:00.000" 256.202458529616 -13.831547364553522 102.52048263793733 -26944.26157562412 -238112.67520490353 -5460.063238134954 downlink 30.0
"2031-08-01 06:00:00.000" 249.9605725241036 -13.586922856113885 103.17903707609437 -219983.59840701797 49957.42140375607 -2742.1072712703635 downlink 30.0
"2031-08-01 12:00:00.000" 242.8381081392001 -13.39516600460878 104.02993421721234 71963.10065330658 198056.07786139855 10.56791019666143 downlink 30.0
"2031-08-01 18:00:00.000" 234.5601962596319 -13.328666853691368 105.17694325714473 171967.3716113236 -92291.69501313759 2752.111350382203 downlink 30.0
"2031-08-02 00:00:00.000" 224.71839516335936 -13.572715501279397 106.84955358772412 -110008.40300874854 -141375.65728776125 5413.540390525074 downlink 30.0
"2031-08-02 06:00:00.000" 212.63231200979752 -14.656924325397725 109.67263786599378 -106057.18057967616 123802.56061854197 7886.908862018942 downlink 30.0
"2031-08-02 12:00:00.000" 196.68598198587728 -18.42864970500932 115.99935709370406 131868.58234069677 66120.56560670683 10006.870968376954 downlink 30.0
"2031-08-02 18:00:00.000" 166.2186597645647 -32.65371189939387 142.11027752921322 22423.6599286942 -131879.72257955224 11535.29626415334 downlink 30.0
"2031-08-03 00:00:00.000" 87.37544368017738 -25.9641472094257 -130.06811099173703 -121339.0921615788 22799.913463432964 12169.382293271472 downlink 30.0
"2031-08-03 06:00:00.000" 55.771832768759204 -11.434557802136313 -110.1076897073858 65533.46988996834 98712.09829276649 11627.874341670095 downlink 30.0
"2031-08-03 12:00:00.000" 31.274421226551148 -9.096443885986629 -106.01280976428308 65035.5595848478 -100858.18912634478 9830.208540571564 downlink 30.0
"2031-08-03 18:00:00.000" 9.353414884364398 -9.917517700399369 -104.52706661565857 -125291.50809491135 -24178.881741184003 7004.119940604499 downlink 30.0
"2031-08-04 00:00:00.000" 77.87496375064111 13.48684054845634 78.08286854688883 19133.035774223055 138279.5975109991 3557.008211126398 downlink 30.0
"2031-08-04 06:00:00.000" 62.122932823006025 13.133357094879436 76.18234702003873 141413.89943820244 -61341.642247396645 -134.7221156958038 downlink 30.0
"2031-08-04 12:00:00.000" 49.04714886255002 13.300954902935674 74.12568293698712 -100500.71642200286 -136928.06901405798 -3817.691934901751 downlink 30.0
"2031-08-04 18:00:00.000" 37.97507002038672 14.090888713179197 71.75103531020748 -126841.61301806074 135806.7403207805 -7350.572064059078 downlink 30.0
"2031-08-05 00:00:00.000" 28.258991591841493 15.648632931866917 68.76737144810326 167075.8003629678 112730.96569797539 -10664.88856257422 downlink 30.0
"2031-08-05 06:00:00.000" 19.25146439148724 18.20393757834365 64.70312395466787 95765.0134640261 -194413.41296916828 -13731.368557373993 downlink 30.0
"2031-08-05 12:00:00.000" 10.131255484578103 22.099434597599284 58.722570318927424 -218042.4079920024 -76800.90216876841 -16541.08014398069 downlink 30.0
"2031-08-05 18:00:00.000" 359.5011209921586 27.6865023920135 49.22784716830978 -56471.442746300076 238220.71172238322 -19097.163807090084 downlink 30.0
"2031-08-06 00:00:00.000" 344.7246093162004 34.57277030389469 33.32612020828532 255204.62524798405 35250.689029412395 -21408.314480876146 downlink 30.0
"2031-08-06 06:00:00.000" 323.0528421261628 39.544564674270035 8.506668755328462 13500.356549838989 -269233.8900876715 -23483.673875479923 downlink 30.0
"2031-08-06 12:00:00.000" 299.2840060715785 37.96414394905039 -19.01873540071449 -280526.6395968573 8497.956151994562 -25332.792876316107 downlink 30.0
"2031-08-06 18:00:00.000" 282.18803795397275 31.88530983347504 -38.81356004216195 30520.66269019809 289278.8631831535 -26966.83902118399 downlink 30.0
"2031-08-07 00:00:00.000" 271.53694743974097 25.80701613315799 -50.62650751449564 295666.0675872543 -52386.80703893672 -28396.27390502983 downlink 30.0
"2031-08-07 06:00:00.000" 264.34797186537287 21.111245828946146 -57.76283832719207 -73946.91607343791 -299845.6407755386 -29628.983503534113 downlink 30.0
"2031-08-07 12:00:00.000" 258.903492113498 17.673990020672843 -62.35145514429814 -301959.01265990647 95074.93145356751 -30672.584785435898 downlink 30.0
"2031-08-07 18:00:00.000" 254.40595051276884 15.151067647664423 -65.4851035140851 115662.60574509024 302133.6804710637 -31535.866988723443 downlink 30.0
"2031-08-08 00:00:00.000" 250.4723961001964 13.267800180972879 -67.7332708905401 300485.3593415751 -135615.3833761134 -32226.18479372458 downlink 30.0
"2031-08-08 06:00:00.000" 246.90264002421947 11.836316957466597 -69.41083676934147 -154848.97590361812 -297119.88646113564 -32748.414788975395 downlink 30.0
"2031-08-08 12:00:00.000" 243.58217660590984 10.731256067635973 -70.70280721843687 -292134.5403289979 173286.70242466146 -33107.89569728257 downlink 30.0
"2031-08-08 18:00:00.000" 240.43978157825214 9.868124281250994 -71.72385432271301 190857.73791628558 285619.1906174987 -33311.23584195581 downlink 30.0
"2031-08-09 00:00:00.000" 237.42767211147176 9.188821001364191 -72.54835678161771 277657.66161814926 -207495.71952445176 -33363.31360870401 downlink 30.0
"2031-08-09 06:00:00.000" 234.51154349209577 8.652513289836923 -73.22644347691983 -223137.25491262777 -268328.9285947663 -33266.922311465234 downlink 30.0
"2031-08-09 12:00:00.000" 231.6652198207886 8.229910289025181 -73.79301695968388 -257707.8321091613 237720.6743394646 -33025.95690151035 downlink 30.0
"2031-08-09 18:00:00.000" 228.86759533917953 7.899622675645228 -74.27306511131991 251185.30607761536 245865.76455772738 -32645.48789342859 downlink 30.0
"2031-08-10 00:00:00.000" 226.10077516116976 7.645803621495727 -74.68491449898681 232871.68624669506 -263470.79825048393 -32128.60715455366 downlink 30.0
"2031-08-10 06:00:00.000" 223.34887188176648 7.456589832040117 -75.04229318365083 -274516.1277329695 -218793.06167951346 -31476.77415885218 downlink 30.0
"2031-08-10 12:00:00.000" 220.59717174619587 7.323052859431519 -75.35567873441948 -203696.42729873146 284258.7015155014 -30693.003324413425 downlink 30.0
"2031-08-10 18:00:00.000" 217.83151054808042 7.238483810041352 -75.63320259922534 292633.82848842896 187648.05157034768 -29781.21962731817 downlink 30.0
"2031-08-11 00:00:00.000" 215.03776407339762 7.197901876649187 -75.88127067650089 170715.00943173494 -299574.10748032917 -28743.205504754333 downlink 30.0
"2031-08-11 06:00:00.000" 212.20139133125326 7.197718019432016 -76.1049970367365 -305008.4308831604 -152966.2806605904 -27579.63696731861 downlink 30.0
"2031-08-11 12:00:00.000" 209.30698567589934 7.235510763045157 -76.30851082818413 -134473.65208398132 308861.0018789755 -26293.05336908808 downlink 30.0
"2031-08-11 18:00:00.000" 206.33779599376228 7.309887891725039 -76.49517378941414 311050.59185985377 115312.8923684436 -24886.567851624644 downlink 30.0
"2031-08-12 00:00:00.000" 203.27518054881534 7.420419707326022 -76.66773102628355 95565.50683959997 -311489.6123137808 -23361.18045654802 downlink 30.0
"2031-08-12 06:00:00.000" 200.0979510265561 7.56763918132588 -76.82840693751763 -310082.76228425745 -75320.78221713836 -21717.472514071913 downlink 30.0
"2031-08-12 12:00:00.000" 196.7815534279156 7.753113833028464 -76.97894852598404 -54678.063788420885 306725.60685313225 -19958.180272004833 downlink 30.0
"2031-08-12 18:00:00.000" 193.2970144409224 7.979606067556955 -77.12060696446338 301303.2458534285 33749.82318610743 -18086.435474134913 downlink 30.0
"2031-08-13 00:00:00.000" 189.6095540116884 8.251356714346922 -77.25403087815175 12665.949312856177 -293688.72203631944 -16103.794611652263 downlink 30.0
"2031-08-13 06:00:00.000" 273.75649317039864 -12.479006088500334 98.78635926699538 -283741.064421344 8420.66727005074 -14012.635621181284 downlink 30.0
"2031-08-13 12:00:00.000" 269.459637893633 -12.352358895854858 99.17493630377099 29326.780106827784 271303.3762494065 -11818.35074141476 downlink 30.0
"2031-08-13 18:00:00.000" 264.7818090250072 -12.236609809740438 99.6387447157949 256201.2959059137 -49828.50192147794 -9527.669721920585 downlink 30.0
"2031-08-14 00:00:00.000" 259.63243193436165 -12.139119015785136 100.19805972451519 -69646.72584042317 -238242.09911609127 -7148.268691967238 downlink 30.0
"2031-08-14 06:00:00.000" 253.8910754694412 -12.075517203873346 100.88512063181582 -217215.54840502364 88426.54786711093 -4692.650473818676 downlink 30.0
"2031-08-14 12:00:00.000" 247.3932694852204 -12.079238067610936 101.75507000047072 105707.81969928222 192899.0986082869 -2181.2997071861078 downlink 30.0
"2031-08-14 18:00:00.000" 239.90622093038803 -12.22529240530858 102.91242300958956 165072.42115720408 -120882.58474430688 356.01350350806297 downlink 30.0
"2031-08-15 00:00:00.000" 231.0804984003579 -12.69731791342551 104.58606784719822 -133134.49284386926 -133551.43892533262 2874.42290776529 downlink 30.0
"2031-08-15 06:00:00.000" 220.3181143434932 -14.014484688262419 107.3954258817052 -98263.15581971164 141357.06749310705 5301.883796516701 downlink 30.0
"2031-08-15 12:00:00.000" 206.11157287238314 -18.055100812049403 113.71528620043165 144059.77767368694 59402.57224950405 7524.586513095215 downlink 30.0
"2031-08-15 18:00:00.000" 176.48587670502226 -33.9429514606639 142.29436635803273 17739.296783939157 -139317.05009623247 9369.025749662518 downlink 30.0
"2031-08-16 00:00:00.000" 95.4881406518407 -21.783203705612166 -121.93204402524869 -124941.37728341461 24870.88893979258 10585.707406741625 downlink 30.0
"2031-08-16 06:00:00.000" 67.71283593874199 -7.971718583125441 -105.78149604135406 64946.66309522881 99253.77886249364 10873.303879680878 downlink 30.0
"2031-08-16 12:00:00.000" 43.165038474127876 -5.791428876393227 -102.90501465533644 62624.68402267014 -97646.4164273499 10003.726255081454 downlink 30.0
"2031-08-16 18:00:00.000" 19.544061946986112 -6.736628360378387 -102.1677270494018 -118781.25187504746 -18546.937038822638 8005.607115173876 downlink 30.0
"2031-08-17 00:00:00.000" 86.82535994520595 11.75765286337308 81.1482139140667 27741.30205591681 127163.32004752824 5188.665239795273 downlink 30.0
"2031-08-17 06:00:00.000" 68.95015786989654 11.766596365828928 78.88645380070251 124530.13370360593 -71919.16256066023 1950.7047380979295 downlink 30.0
"2031-08-17 12:00:00.000" 54.18447921814028 12.356620387829478 76.33976163653868 -111683.74437764844 -113707.17909078501 -1396.78750244913 downlink 30.0
"2031-08-17 18:00:00.000" 41.73907247775344 13.878702006650336 73.12469038223327 -97270.09729053358 146273.00929924447 -4666.858691593504 downlink 30.0
"2031-08-18 00:00:00.000" 30.613067633403332 16.900363421803966 68.40227579281537 175721.05742982702 77158.91937580338 -7764.120239251646 downlink 30.0
"2031-08-18 06:00:00.000" 19.1921266986281 22.494193123708843 60.20323136461087 54738.73051207669 -200382.33716502928 -10645.030899140867 downlink 30.0
"2031-08-18 12:00:00.000" 3.101287547754524 32.11128748242037 42.975457212922095 -220701.75379785305 -30954.6466395094 -13293.688093410781 downlink 30.0
"2031-08-18 18:00:00.000" 331.5436465890693 40.94395837487217 4.94446243592256 -6465.253264815672 237118.81482710817 -15709.965929092734 downlink 30.0
"2031-08-19 00:00:00.000" 297.6869774248824 34.18226377469653 -36.36667367076126 250033.5083053162 -18263.111634114946 -17900.81807441594 downlink 30.0
"2031-08-19 06:00:00.000" 281.6667226927027 23.828094323129065 -55.829968377098794 -42893.46816622136 -259798.2353360529 -19874.555681004862 downlink 30.0
"2031-08-19 12:00:00.000" 273.2370124868089 17.219587882118304 -64.57687487515079 -266719.6789261552 67176.848207058 -21640.68758471304 downlink 30.0
"2031-08-19 18:00:00.000" 267.36512636474856 13.195241297093437 -69.21115179313779 90925.21018629803 271064.0126419457 -23210.462020322906 downlink 30.0
"2031-08-20 00:00:00.000" 262.60536025022253 10.607012114426148 -71.99479349943164 273062.98034193675 -113993.41510885188 -24594.107176551162 downlink 30.0
"2031-08-20 06:00:00.000" 258.4543929714564 8.849656148507055 -73.8162665513384 -136266.77446013954 -272919.5948105824 -25799.40324715302 downlink 30.0
"2031-08-20 12:00:00.000" 254.69307091768917 7.605453692187704 -75.08240258841352 -270812.8348946243 157652.38960774124 -26834.20561349295 downlink 30.0
"2031-08-20 18:00:00.000" 251.2068768891037 6.697411992137017 -76.00270378864127 178073.30508356882 266901.5743438182 -27707.291793372744 downlink 30.0
"2031-08-21 00:00:00.000" 247.92692105780372 6.020691449163253 -76.6949975642795 261328.12821664114 -197464.36499190106 -28425.56548226797 downlink 30.0
"2031-08-21 06:00:00.000" 244.80710589380072 5.5097969881503195 -77.23018592534982 -215768.92100104128 -254221.216849236 -28993.64640014807 downlink 30.0
"2031-08-21 12:00:00.000" 241.81401268854128 5.121957916610367 -77.65326385990625 -245698.1364985764 232936.35737398118 -29416.930720218803 downlink 30.0
"2031-08-21 18:00:00.000" 238.92188793107843 4.82820461207057 -77.99403520648991 248920.50792683027 235866.56675139748 -29701.740041691322 downlink 30.0
"2031-08-22 00:00:00.000" 236.10990757029063 4.608320413833627 -78.27294913365085 224826.40842655662 -263678.4488019927 -29852.289803014355 downlink 30.0
"2031-08-22 06:00:00.000" 233.3605545218101 4.4478530977799515 -78.5044559141694 -277169.23775904055 -212671.35562424577 -29871.029632641315 downlink 30.0
"2031-08-22 12:00:00.000" 230.65858227312694 4.336275413952294 -78.69902534928923 -199489.94539522607 289352.8883795135 -29761.805391879363 downlink 30.0
"2031-08-22 18:00:00.000" 227.99030604649425 4.26581493943616 -78.86440784102837 300189.82658872596 185366.50866049487 -29529.247399712927 downlink 30.0
"2031-08-23 00:00:00.000" 225.3430850746275 4.23068910605398 -79.00644818598931 170382.36384529457 -309640.4022802888 -29175.72641956718 downlink 30.0
"2031-08-23 06:00:00.000" 222.7049187563876 4.226594291541047 -79.1296254192668 -317664.1271066354 -154616.90181424812 -28702.388294395158 downlink 30.0
"2031-08-23 12:00:00.000" 220.06410961939272 4.2503596615357955 -79.23741934915063 -138148.30681050202 324219.0013378951 -28112.169077011775 downlink 30.0
"2031-08-23 18:00:00.000" 217.40896186351128 4.29971160392332 -79.33256411241052 329261.1891774932 121054.33499401774 -27408.486699255605 downlink 30.0
"2031-08-24 00:00:00.000" 214.72749247309116 4.373115355987408 -79.41722581981355 103413.45493209879 -332744.6377668633 -26592.424633410472 downlink 30.0
"2031-08-24 06:00:00.000" 212.00713570312882 4.469673278914161 -79.49312740879282 -334620.3656940347 -85306.00221794499 -25664.39377343208 downlink 30.0
