downlinks.ecsv
# %ECSV 1.0
# ---
# datatype:
# - {name: start_time, datatype: string}
# - {name: target_coord.ra, unit: deg, datatype: float64}
# - {name: target_coord.dec, unit: deg, datatype: float64}
# - {name: roll, unit: deg, datatype: float64}
# - {name: observer_location.x, unit: km, datatype: float64}
# - {name: observer_location.y, unit: km, datatype: float64}
# - {name: observer_location.z, unit: km, datatype: float64}
# - {name: action, datatype: string}
# - {name: duration, unit: min, datatype: float64}
# meta: !!omap
# - __serialized_columns__:
#     duration:
#       __class__: astropy.units.quantity.Quantity
#       unit: !astropy.units.Unit {unit: min}
#       value: !astropy.table.SerializedColumn {name: duration}
#     observer_location:
#       __class__: astropy.coordinates.earth.EarthLocation
#       ellipsoid: WGS84
#       x: !astropy.table.SerializedColumn
#         __class__: astropy.units.quantity.Quantity
#         unit: &id001 !astropy.units.Unit {unit: km}
#         value: !astropy.table.SerializedColumn {name: observer_location.x}
#       y: !astropy.table.SerializedColumn
#         __class__: astropy.units.quantity.Quantity
#         unit: *id001
#         value: !astropy.table.SerializedColumn {name: observer_location.y}
#       z: !astropy.table.SerializedColumn
#         __class__: astropy.units.quantity.Quantity
#         unit: *id001
#         value: !astropy.table.SerializedColumn {name: observer_location.z}
#     roll:
#       __class__: astropy.coordinates.angles.core.Angle
#       unit: &id002 !astropy.units.Unit {unit: deg}
#       value: !astropy.table.SerializedColumn {name: roll}
#     start_time:
#       __class__: astropy.time.core.Time
#       format: iso
#       in_subfmt: '*'
#       out_subfmt: '*'
#       precision: 3
#       scale: utc
#       value: !astropy.table.SerializedColumn {name: start_time}
#     target_coord:
#       __class__: astropy.coordinates.sky_coordinate.SkyCoord
#       dec: !astropy.table.SerializedColumn
#         __class__: astropy.coordinates.angles.core.Latitude
#         unit: *id002
#         value: !astropy.table.SerializedColumn {name: target_coord.dec}
#       frame: icrs
#       ra: !astropy.table.SerializedColumn
#         __class__: astropy.coordinates.angles.core.Longitude
#         unit: *id002
#         value: !astropy.table.SerializedColumn {name: target_coord.ra}
#         wrap_angle: !astropy.coordinates.Angle
#           unit: *id002
#           value: 360.0
#       representation_type: unitspherical
# schema: astropy-2.0
start_time target_coord.ra target_coord.dec roll observer_location.x observer_location.y observer_location.z action duration
[from data line 313]
"2030-03-20 06:00:00.000" 283.20571484678123 0.009703114997513518 90.31063017737316 179757.79385119217 -100555.34394296745 488.5870524255337 downlink 30.0
"2030-03-20 12:00:00.000" 276.1693568949188 5.399535322098523 90.82816600145193 -113067.42961408729 -151811.58903252153 14203.487443747079 downlink 30.0
"2030-03-20 18:00:00.000" 268.0978698614931 13.448077809802003 89.7124703162299 -119672.91342872055 122215.19640589517 27510.88242024337 downlink 30.0
"2030-03-21 00:00:00.000" 258.2639156710922 26.4292705741995 84.72633181039089 126660.4698209928 83248.71500028246 39809.1552766997 downlink 30.0
"2030-03-21 06:00:00.000" 241.99317298579174 48.92785984798739 67.91375934320021 42888.88857692011 -124625.4697310452 50158.54574345033 downlink 30.0
"2030-03-21 12:00:00.000" 169.54406001292466 71.52177692462752 -11.445289254107934 -113988.54119446235 99.20691506799207 57175.41720637201 downlink 30.0
"2030-03-21 18:00:00.000" 99.9646724768237 52.31992279592689 -82.44302885869138 42756.58860113821 92913.03914358049 59130.0829125925 downlink 30.0
"2030-03-22 00:00:00.000" 73.82909307638128 32.7821838486571 -99.107626443289 61299.39862729902 -80339.0943933864 54608.54801364035 downlink 30.0
"2030-03-22 06:00:00.000" 53.04534591444473 17.896604795029074 -102.98028286907174 -108022.78538726986 -22055.58004675795 43620.13812023944 downlink 30.0
"2030-03-22 12:00:00.000" 126.31545064878715 10.08778339756632 97.67649631627167 19948.12062484427 123609.70294026872 27873.54886172605 downlink 30.0
"2030-03-22 18:00:00.000" 109.69135419992116 3.5449513388298377 91.87885194859453 128067.10191203974 -60499.77422983408 9666.889358163065 downlink 30.0
"2030-03-23 00:00:00.000" 97.09786291527884 -5.179954708836521 90.30749636574943 -97285.3042264306 -123846.2083088741 -9194.08092649526 downlink 30.0
"2030-03-23 06:00:00.000" 87.3318462614003 -15.216632355220543 92.0950688300387 -113397.48926797938 129492.85670315655 -27632.024491596872 downlink 30.0
"2030-03-23 12:00:00.000" 79.08107508841488 -26.36675958138004 96.83659746828317 157094.52709415575 98647.20624635831 -45099.604839603926 downlink 30.0
"2030-03-23 18:00:00.000" 70.86370971055553 -38.429152755535604 104.7067988366189 80988.70825085568 -180381.5577579074 -61353.64932628729 downlink 30.0
"2030-03-24 00:00:00.000" 60.58816054236708 -50.62486463419554 116.61663488352134 -199739.7471827859 -61408.58826663022 -76310.29704742183 downlink 30.0
"2030-03-24 06:00:00.000" 45.04316526820566 -61.33682209320443 134.6427564093796 -40608.43469653831 215555.3606674264 -89966.83420283726 downlink 30.0
"2030-03-24 12:00:00.000" 20.777526916410217 -68.39649095605819 161.3459103217305 228181.63298495024 19094.338159415398 -102358.76609401834 downlink 30.0
"2030-03-24 18:00:00.000" 351.032627285326 -70.28930955035698 -166.99020561718282 -2761.2297328827135 -237930.77548264526 -113536.34174471321 downlink 30.0
"2030-03-25 00:00:00.000" 326.7680662683996 -68.18813065183858 -141.44547098307416 -245074.69411944054 24677.623140263287 -123555.03576193246 downlink 30.0
"2030-03-25 06:00:00.000" 310.8491341553454 -64.54085108944146 -124.82398609380668 46439.05418202217 249848.79523921176 -132471.70407162549 downlink 30.0
"2030-03-25 12:00:00.000" 300.30536872344743 -60.69011950804799 -114.04465234635737 252457.85228246675 -67876.70498813299 -140340.05743407217 downlink 30.0
"2030-03-25 18:00:00.000" 292.74754536818284 -57.072831745458785 -106.61317054003008 -88855.19008185127 -253081.71707004882 -147208.1427189194 downlink 30.0
"2030-03-26 00:00:00.000" 286.9032964817121 -53.78122633877783 -101.17292896560542 -251878.8505178992 109262.7678953925 -153120.1670405698 downlink 30.0
"2030-03-26 06:00:00.000" 282.11010400535014 -50.8007001477666 -96.99839504970318 129005.7759770751 248989.1367854994 -158117.55776453344 downlink 30.0
"2030-03-26 12:00:00.000" 278.0039008311649 -48.08936614227132 -93.67983663504367 244537.80911253937 -148004.83605551388 -162236.73530259507 downlink 30.0
"2030-03-26 18:00:00.000" 274.37101608402094 -45.603202421185884 -90.97104735889025 -166190.4996514603 -238638.8358857326 -165508.72544899952 downlink 30.0
"2030-03-27 00:00:00.000" 271.0779351928381 -43.303228489537986 -88.7156549949622 -231396.0592610671 183499.8109233216 -167962.11488473797 downlink 30.0
"2030-03-27 06:00:00.000" 268.036376812516 -41.15678928466556 -86.80963482708576 199875.34276569405 222904.09359168488 -169623.72295999163 downlink 30.0
"2030-03-27 12:00:00.000" 265.1849375662848 -39.13701913453443 -85.1811278970184 213250.85430400088 -215264.53442449626 -170516.1829657009 downlink 30.0
"2030-03-27 18:00:00.000" 262.4789096377004 -37.22186979537085 -83.77898504978542 -229617.41690413633 -202519.71210100534 -170658.2488388681 downlink 30.0
"2030-03-28 00:00:00.000" 259.88434145300255 -35.393156116712625 -82.56595485454639 -190789.54384950057 242884.7538303141 -170067.84587249998 downlink 30.0
"2030-03-28 06:00:00.000" 257.37440772060626 -33.63574642004037 -81.51447026352146 255018.2884862861 178134.877385299 -168761.94003772276 downlink 30.0
"2030-03-28 12:00:00.000" 254.92708976589515 -31.936912874524317 -80.60395801226315 164627.89170720347 -265970.86117065675 -166753.96746167896 downlink 30.0
"2030-03-28 18:00:00.000" 252.52362577425095 -30.28582293685299 -79.81907949477527 -275694.668949865 -150340.09515610256 -164054.74049682575 downlink 30.0
"2030-03-29 00:00:00.000" 250.1474254963967 -28.673146341292114 -79.14856605021176 -135342.06223598114 284139.8594285403 -160675.35568485473 downlink 30.0
"2030-03-29 06:00:00.000" 247.78326904816524 -27.090754906943435 -78.58445119127954 291255.0354801736 119703.48241407266 -156626.31905134325 downlink 30.0
"2030-03-29 12:00:00.000" 245.41667803720418 -25.53149787865123 -78.12158264380669 103495.09876730862 -296987.43263530306 -151915.08365015275 downlink 30.0
"2030-03-29 18:00:00.000" 243.033385566759 -23.989041521140376 -77.75734596468872 -301281.26392822573 -86790.36842666967 -146547.5664988375 downlink 30.0
"2030-03-30 00:00:00.000" 240.61885299742892 -22.45776791990848 -77.4915637015849 -69665.46445503001 304076.3928709306 -140530.7951972011 downlink 30.0
"2030-03-30 06:00:00.000" 238.15779244395839 -20.932734850510954 -77.32655793793938 305308.66517642635 52199.81246427703 -133871.47207262216 downlink 30.0
"2030-03-30 12:00:00.000" 235.63365851142828 -19.40970731049866 -77.26738515858108 34478.490689574784 -304909.7793858265 -126573.95506588959 downlink 30.0
"2030-03-30 18:00:00.000" 233.0280725343132 -17.88528373968837 -77.32227517802242 -302805.4987086926 -16594.518076602704 -118642.46817961642 downlink 30.0
"2030-03-31 00:00:00.000" 323.90006204762597 -11.982258636274222 73.26575241008443 1349.9559903440706 298914.1879123585 -110083.53253922431 downlink 30.0
"2030-03-31 06:00:00.000" 320.6527737355004 -11.760399123389098 74.8477822798847 293146.6621642233 -19241.487024962185 -100904.42007210338 downlink 30.0
"2030-03-31 12:00:00.000" 317.2248225751911 -11.363286109116622 76.43773523415528 -36951.1071962351 -285405.4962210905 -91112.24028075203 downlink 30.0
"2030-03-31 18:00:00.000" 313.5903501756335 -10.756283499115414 78.02775062357108 -275583.04093696515 54329.528540831016 -80717.38219228912 downlink 30.0
"2030-04-01 00:00:00.000" 309.71833098205013 -9.89220144861938 79.60322468911994 71202.04684486456 263559.9054135167 -69736.55157836042 downlink 30.0
"2030-04-01 06:00:00.000" 305.5711030709761 -8.705479771323876 81.13865234291292 249204.61876771422 -87360.99150912021 -58192.82481323215 downlink 30.0
"2030-04-01 12:00:00.000" 301.1022330771899 -7.102625126252343 82.59029128404248 -102554.47620642408 -232373.34962157643 -46118.40484509198 downlink 30.0
"2030-04-01 18:00:00.000" 296.2531577991923 -4.945673739226164 83.88261666505271 -212910.12017757838 116471.61010964421 -33562.814765856376 downlink 30.0
"2030-04-02 00:00:00.000" 290.9471587220192 -2.021778565299802 84.88178761532589 128722.59517978986 190650.20643881214 -20602.34385282502 downlink 30.0
"2030-04-02 06:00:00.000" 285.076139186374 2.0169528089270057 85.33952276704602 165429.6633560914 -138810.24096004755 -7351.760641776943 downlink 30.0
"2030-04-02 12:00:00.000" 278.46283167272423 7.7822451511773965 84.76174704357459 -146090.16332850212 -137105.9599694172 6012.885788284127 downlink 30.0
"2030-04-02 18:00:00.000" 270.7158575983796 16.440356945153674 82.05642508849735 -105602.0686403684 149718.27191720824 19214.89105009025 downlink 30.0
"2030-04-03 00:00:00.000" 260.4801162284064 30.26755857162294 74.3927192182844 148588.3117295598 70998.59405807528 31817.952743875157 downlink 30.0
"2030-04-03 06:00:00.000" 240.38707598836353 51.74513532045661 52.27086425300777 33717.44102438224 -141283.00643798977 43138.13764622581 downlink 30.0
"2030-04-03 12:00:00.000" 177.06664368640205 66.9556216993333 -15.840852417520068 -126125.74113511607 5140.079265025681 52130.00329034332 downlink 30.0
"2030-04-03 18:00:00.000" 118.6274703643835 54.80346376593748 -73.69568008256795 43288.53018727244 101554.29016277542 57329.0515464342 downlink 30.0
"2030-04-04 00:00:00.000" 89.04704343167182 39.271841636374496 -94.4649329277317 67132.20819439765 -76910.32492423871 57100.19255084511 downlink 30.0
"2030-04-04 06:00:00.000" 65.75011666786624 25.307895575306368 -102.09529306344757 -101430.71295255198 -24942.1366764728 50466.81306963441 downlink 30.0
"2030-04-04 12:00:00.000" 138.38268121300172 11.376590755736125 104.45569464984769 20362.19313959703 113849.33858332962 38032.6148869528 downlink 30.0
"2030-04-04 18:00:00.000" 118.79044117147083 5.783133139096459 97.49359255307395 114393.4912814095 -63847.97653412603 21751.532569849358 downlink 30.0
"2030-04-05 00:00:00.000" 103.5175823204652 -3.884780498229892 95.83930942794971 -102457.1976121726 -105543.18478401487 3731.903947590277 downlink 30.0
"2030-04-05 06:00:00.000" 91.39814757812283 -16.561664981417202 99.38392856608436 -90173.97548533136 135126.08781627315 -14528.247463821037 downlink 30.0
"2030-04-05 12:00:00.000" 80.03572448131581 -31.718321233747634 108.44141044612066 161931.35240964568 70614.34227158231 -32178.366165321335 downlink 30.0
"2030-04-05 18:00:00.000" 65.6098044818965 -47.5072555010589 124.39225122451982 48515.919456504016 -183397.8446802591 -48797.5142994974 downlink 30.0
"2030-04-06 00:00:00.000" 43.23762416129975 -59.87817380306608 149.48438692530027 -200152.78497206164 -25000.322116052437 -64205.641347247845 downlink 30.0
"2030-04-06 06:00:00.000" 13.001503626359714 -65.36788113354889 -178.10943072272144 -825.2686705384413 212790.0663632939 -78349.5885840563 downlink 30.0
"2030-04-06 12:00:00.000" 345.59025483808847 -64.86885675730801 -149.54781887202256 221829.92766824394 -23491.97037986245 -91238.68678228861 downlink 30.0
"2030-04-06 18:00:00.000" 326.77810381226357 -61.86761076107902 -130.44732008301105 -47591.73240493347 -227715.74111920703 -102910.05180233538 downlink 30.0
"2030-04-07 00:00:00.000" 314.16092221896133 -58.41735042929785 -118.14427194686965 -230822.0344836738 71218.13416866891 -113413.26384758195 downlink 30.0
"2030-04-07 06:00:00.000" 305.0672279729145 -55.154348782908436 -109.76432120825336 94185.34737265622 231464.96300848332 -122802.95336723862 downlink 30.0
"2030-04-07 12:00:00.000" 298.01889397945644 -52.202083284595844 -103.69376943726674 229913.41782123258 -116356.07480424909 -131132.3232924232 downlink 30.0
"2030-04-07 18:00:00.000" 292.24488521649766 -49.54431037552488 -99.07502720720902 -137626.22000137638 -226398.75086949338 -138450.13316864704 downlink 30.0
"2030-04-08 00:00:00.000" 287.320919642917 -47.135585644725886 -95.42920716853709 -221121.40720981272 157914.23837099795 -144802.18883400265 downlink 30.0
"2030-04-08 06:00:00.000" 282.99628687908444 -44.93098014726676 -92.47128509446009 177155.13983911555 214256.0396600595 -150231.62216110673 downlink 30.0
"2030-04-08 12:00:00.000" 279.1125763434525 -42.89271227091707 -90.02147889220659 205957.0671709658 -195296.57561128293 -154776.3912879241 downlink 30.0
"2030-04-08 18:00:00.000" 275.56369700706404 -40.99042863986242 -87.96072453213203 -212294.6091354781 -196363.30105616522 -158469.3412577095 downlink 30.0
"2030-04-09 00:00:00.000" 272.2749843098113 -39.19998378187054 -86.20697006460564 -185600.10489396975 228110.45594435435 -161341.14481722366 downlink 30.0
"2030-04-09 06:00:00.000" 269.1916149522965 -37.50209414204139 -84.70183655516551 242709.65006764478 173781.0659554658 -163420.36773355454 downlink 30.0
"2030-04-09 12:00:00.000" 266.2718237814135 -35.88120832035278 -83.4027356746452 161011.0547499444 -256061.5489970074 -164731.06184431218 downlink 30.0
"2030-04-09 18:00:00.000" 263.4827324932811 -34.324633482254804 -82.27801183609176 -268137.3017305684 -147388.8105027565 -165293.64909492666 downlink 30.0
"2030-04-10 00:00:00.000" 260.7976677150031 -32.82187979421554 -81.30384133557321 -133007.39957878206 278908.2080312315 -165127.85872387947 downlink 30.0
"2030-04-10 06:00:00.000" 258.1943640885655 -31.36417388634412 -80.46219674354938 288346.11825244536 117954.67603711411 -164251.99958354008 downlink 30.0
"2030-04-10 12:00:00.000" 255.65371170461532 -29.94409966383313 -79.73948357778815 102315.48484831971 -296423.72475047264 -162680.5696472117 downlink 30.0
"2030-04-10 18:00:00.000" 253.15884738431163 -28.555335165755537 -79.1256184801079 -303113.052788072 -86173.52148097794 -160425.7522554811 downlink 30.0
"2030-04-11 00:00:00.000" 250.69446680037052 -27.192463558957314 -78.61341013837891 -69611.26436446529 308384.27221019944 -157500.0812755281 downlink 30.0
"2030-04-11 06:00:00.000" 248.2462785946205 -25.85084404681005 -78.19815881758271 312206.3886129121 52710.16910666244 -153915.0074826756 downlink 30.0
"2030-04-11 12:00:00.000" 245.8005474259122 -24.526534904961522 -77.87742463132089 35552.68642372406 -314547.6463545755 -149678.7586507959 downlink 30.0
"2030-04-11 18:00:00.000" 338.2848335332571 -11.334294972478977 66.29196966747878 -315374.159706593 -18223.99589407043 -144798.39851850364 downlink 30.0
"2030-04-12 00:00:00.000" 335.59291873478014 -11.563573655632972 67.6020249799345 -812.0833896720435 314648.88798829855 -139282.10143141495 downlink 30.0
"2030-04-12 06:00:00.000" 332.8184508035456 -11.694577059035787 68.91157128274581 312332.29222358123 -16591.696001774042 -133137.21889552078 downlink 30.0
"2030-04-12 12:00:00.000" 329.9500146822165 -11.71816494135604 70.22081799675775 -33890.24588800576 -308382.60988063546 -126368.67447382177 downlink 30.0
"2030-04-12 18:00:00.000" 326.97464043969114 -11.62206329792993 71.52847829092644 -302754.5607694059 50978.49633719512 -118981.58685060267 downlink 30.0
