downlinks.ecsv
# %ECSV 1.0
# ---
# datatype:
# - {name: start_time, datatype: string}
# - {name: target_coord.ra, unit: deg, datatype: float64}
# - {name: target_coord.dec, unit: deg, datatype: float64}
# - {name: roll, unit: deg, datatype: float64}
# - {name: observer_location.x, unit: km, datatype: float64}
# - {name: observer_location.y, unit: km, datatype: float64}
# - {name: observer_location.z, unit: km, datatype: float64}
# - {name: action, datatype: string}
# - {name: duration, unit: min, datatype: float64}
# meta: !!omap
# - __serialized_columns__:
#     duration:
#       __class__: astropy.units.quantity.Quantity
#       unit: !astropy.units.Unit {unit: min}
#       value: !astropy.table.SerializedColumn {name: duration}
#     observer_location:
#       __class__: astropy.coordinates.earth.EarthLocation
#       ellipsoid: WGS84
#       x: !astropy.table.SerializedColumn
#         __class__: astropy.units.quantity.Quantity
#         unit: &id001 !astropy.units.Unit {unit: km}
#         value: !astropy.table.SerializedColumn {name: observer_location.x}
#       y: !astropy.table.SerializedColumn
#         __class__: astropy.units.quantity.Quantity
#         unit: *id001
#         value: !astropy.table.SerializedColumn {name: observer_location.y}
#       z: !astropy.table.SerializedColumn
#         __class__: astropy.units.quantity.Quantity
#         unit: *id001
#         value: !astropy.table.SerializedColumn {name: observer_location.z}
#     roll:
#       __class__: astropy.coordinates.angles.core.Angle
#       unit: &id002 !astropy.units.Unit {unit: deg}
#       value: !astropy.table.SerializedColumn {name: roll}
#     start_time:
#       __class__: astropy.time.core.Time
#       format: iso
#       in_subfmt: '*'
#       out_subfmt: '*'
#       precision: 3
#       scale: utc
#       value: !astropy.table.SerializedColumn {name: start_time}
#     target_coord:
#       __class__: astropy.coordinates.sky_coordinate.SkyCoord
#       dec: !astropy.table.SerializedColumn
#         __class__: astropy.coordinates.angles.core.Latitude
#         unit: *id002
#         value: !astropy.table.SerializedColumn {name: target_coord.dec}
#       frame: icrs
#       ra: !astropy.table.SerializedColumn
#         __class__: astropy.coordinates.angles.core.Longitude
#         unit: *id002
#         value: !astropy.table.SerializedColumn {name: target_coord.ra}
#         wrap_angle: !astropy.coordinates.Angle
#           unit: *id002
#           value: 360.0
#       representation_type: unitspherical
# schema: astropy-2.0
start_time target_coord.ra target_coord.dec roll observer_location.x observer_location.y observer_location.z action duration
[from data line 209]
"2030-02-22 06:00:00.000" 275.68631674414803 -1.670776836779493 100.9845885191478 179670.2357134123 -33159.778479296125 20631.638992827793 downlink 30.0
"2030-02-22 12:00:00.000" 266.9561865070996 4.313478476329779 102.58150083422412 -56017.59121648725 -154095.31214448035 34271.580923767164 downlink 30.0
"2030-02-22 18:00:00.000" 256.8836769918415 13.079750791463924 102.549198182314 -122262.1698371004 76348.9201591089 46532.46735272676 downlink 30.0
"2030-02-23 00:00:00.000" 245.01520162715792 26.904269324862504 98.60141963199864 92216.12883008568 83806.25459028369 56280.37839287587 downlink 30.0
"2030-02-23 06:00:00.000" 227.8241635003088 52.745398157612236 81.4116907345009 39308.13486705823 -100970.7709300432 61939.82417733088 downlink 30.0
"2030-02-23 12:00:00.000" 102.5397043455601 68.81793977608393 -58.83927565511226 -99748.31948798493 8771.475669274392 61770.856542989786 downlink 30.0
"2030-02-23 18:00:00.000" 67.95986923858119 33.883731343904124 -97.38730031703659 55727.7917863631 86962.67450274059 54753.42310456507 downlink 30.0
"2030-02-24 00:00:00.000" 50.166451942563654 14.311423418843447 -103.84774720173971 63855.180305939466 -96255.94445752313 41542.02556368835 downlink 30.0
"2030-02-24 06:00:00.000" 34.166293081248654 2.072301365668487 -102.65031147268508 -127143.34743167376 -33980.21996308358 24201.061426362252 downlink 30.0
"2030-02-24 12:00:00.000" 109.20176059838722 8.080839678750642 84.49252659149582 -1099.1683247954788 148020.86621108497 4954.484023246823 downlink 30.0
"2030-02-24 18:00:00.000" 97.37146170809392 2.1823821736190387 80.4085304381972 160156.98482949776 -32118.430039969742 -14606.278904390294 downlink 30.0
"2030-02-25 00:00:00.000" 88.21745974650658 -4.0054244624259665 78.65555716416813 -64144.302775352284 -165229.78791758305 -33564.98406067563 downlink 30.0
"2030-02-25 06:00:00.000" 80.93386862598796 -10.150990339666794 78.4490319107769 -164761.6206598526 94211.9458208117 -51461.33874205997 downlink 30.0
"2030-02-25 12:00:00.000" 74.95171741075774 -16.2194157805171 79.3439124334151 121984.92131280134 159978.75081216128 -68094.7968385246 downlink 30.0
"2030-02-25 18:00:00.000" 69.87409079003345 -22.28815426708391 81.11366684906761 151831.053594892 -147353.27210802143 -83400.13194040096 downlink 30.0
"2030-02-26 00:00:00.000" 65.40004295303488 -28.472082857801475 83.67445873661136 -170321.36052256983 -141049.60929763716 -97379.51541922006 downlink 30.0
"2030-02-26 06:00:00.000" 61.259445690959815 -34.88879490375031 87.05169353459313 -128200.84900524291 190948.18209196744 -110068.99060980133 downlink 30.0
"2030-02-26 12:00:00.000" 57.1460644524618 -41.63182040619066 91.38246812715431 209317.03010603134 113728.76314572383 -121519.65615482227 downlink 30.0
"2030-02-26 18:00:00.000" 52.62325317379223 -48.73506204042587 96.96351779838426 97987.14066829927 -225520.3348898749 -131785.75163841326 downlink 30.0
"2030-02-27 00:00:00.000" 46.951627261617055 -56.117928281856095 104.38793644757321 -239650.9821437692 -81263.34534684996 -140920.43634664547 downlink 30.0
"2030-02-27 06:00:00.000" 38.721908867965254 -63.499475123040924 114.88890057758518 -63794.29290373842 251797.56210328193 -148975.63042862204 downlink 30.0
"2030-02-27 12:00:00.000" 25.091226845216372 -70.24105623518089 131.09950755500375 262043.3692690559 45777.769631466064 -155999.8353788704 downlink 30.0
"2030-02-27 18:00:00.000" 1.4438332410758816 -75.02626271135446 157.4116961823419 27382.2116933341 -270466.65582830115 -162035.68273825423 downlink 30.0
"2030-02-28 00:00:00.000" 329.1072007032286 -75.97406061714601 -167.70775469150712 -277139.7487982935 -8754.261771629102 -167121.48138707207 downlink 30.0
"2030-02-28 06:00:00.000" 302.8955563925469 -73.11245020768446 -139.22519880405952 9977.113565116026 282128.46670563734 -171293.35137754105 downlink 30.0
"2030-02-28 12:00:00.000" 287.3656202398316 -68.55906998789115 -121.78007555738729 285493.55346532416 -28697.642935842283 -174583.6424038061 downlink 30.0
"2030-02-28 18:00:00.000" 278.1072230022806 -63.70028382930553 -110.99272385250791 -47303.69395350502 -287292.0896022938 -177019.53935781316 downlink 30.0
"2030-03-01 00:00:00.000" 271.9910074478253 -59.044228451086965 -103.72793993829141 -287576.9382506498 65698.95383691225 -178625.52914914797 downlink 30.0
"2030-03-01 06:00:00.000" 267.51538903482896 -54.73818625982791 -98.45795424068882 83793.57521540884 286396.319725781 -179425.13939409773 downlink 30.0
"2030-03-01 12:00:00.000" 263.954693002879 -50.79844765323539 -94.4230354491493 283795.38929788105 -101503.48553522587 -179438.80580081677 downlink 30.0
"2030-03-01 18:00:00.000" 260.93369828265077 -47.19500985422684 -91.21355696091969 -118747.90322776727 -279817.584860118 -178682.948938199 downlink 30.0
"2030-03-02 00:00:00.000" 258.2443205070007 -43.884082859119985 -88.59050422474495 -274503.90765478107 135447.26499249588 -177172.7771597977 downlink 30.0
"2030-03-02 06:00:00.000" 255.76348992434797 -40.82081847136704 -86.40493386145415 151523.31829919468 267892.4488892703 -174923.33627778455 downlink 30.0
"2030-03-02 12:00:00.000" 253.413874542491 -37.964005546053485 -84.55909242866153 260019.9427598719 -166899.00720136764 -171946.95726779877 downlink 30.0
"2030-03-02 18:00:00.000" 251.14386488255712 -35.27740262110361 -82.9862594390025 -181496.38691770672 -250923.01970038837 -168252.88125776008 downlink 30.0
"2030-03-03 00:00:00.000" 248.9167721165544 -32.72968970437008 -81.63962765327247 -240637.49946898353 195234.87147042388 -163850.22583491076 downlink 30.0
"2030-03-03 06:00:00.000" 246.7046779984324 -30.29390455404306 -80.48584887374159 208031.39747140108 229198.0714856196 -158748.34116426663 downlink 30.0
"2030-03-03 12:00:00.000" 244.48473716254836 -27.946740167301165 -79.50114364478888 216639.9346224425 -219800.15829247618 -152954.12186093742 downlink 30.0
"2030-03-03 18:00:00.000" 242.23681014398605 -25.667861173221773 -78.66890777085425 -230450.39389101657 -203000.13830871042 -146472.31791156082 downlink 30.0
"2030-03-04 00:00:00.000" 239.9418223983991 -23.43929928194224 -77.97825098541705 -188317.2600799695 239884.4457231006 -139308.57484503082 downlink 30.0
"2030-03-04 06:00:00.000" 237.5805015265934 -21.24494686103905 -77.42316364928278 247997.34623709827 172631.67271312332 -131469.23102770792 downlink 30.0
"2030-03-04 12:00:00.000" 235.1322739040497 -19.07015412853619 -77.00215371167761 155987.69321950965 -254675.73610747917 -122958.91439832309 downlink 30.0
"2030-03-04 18:00:00.000" 232.57416323810054 -16.90143704756826 -76.71828876016686 -259794.91282805396 -138435.62036222828 -113781.81399841573 downlink 30.0
"2030-03-05 00:00:00.000" 229.8795547229721 -14.726316089194283 -76.57964867329677 -120032.77260327368 263215.9416874369 -103944.95228539415 downlink 30.0
"2030-03-05 06:00:00.000" 227.01668130172033 -12.533333068600992 -76.60026394470916 264783.6368051812 100845.65894868042 -93457.99861528244 downlink 30.0
"2030-03-05 12:00:00.000" 223.94665589144003 -10.312343501037017 -76.80170190353718 80954.36828664133 -264323.43904077983 -82332.19967717498 downlink 30.0
"2030-03-05 18:00:00.000" 220.62081363032263 -8.05527628514388 -77.21559219743152 -261636.3758600286 -60457.86418107756 -70583.77863145068 downlink 30.0
"2030-03-06 00:00:00.000" 216.9770386751523 -5.757735307059414 -77.88759328737738 -39480.31186722852 256493.6036663123 -58239.04667526916 downlink 30.0
"2030-03-06 06:00:00.000" 212.93463979513103 -3.422184184506874 -78.88366420813107 248630.84659762192 18181.005909556672 -45337.22101375665 downlink 30.0
"2030-03-06 12:00:00.000" 298.5771012476262 -9.696995531202512 88.91813526695152 -3230.1998353729628 -237741.41941914 -31935.59730929556 downlink 30.0
"2030-03-06 18:00:00.000" 293.0285838997087 -7.71628857318427 91.28432480579148 -223468.32521745563 24470.632281149035 -18122.467055844885 downlink 30.0
"2030-03-07 00:00:00.000" 286.870938003401 -4.945812352962923 93.51361735337542 45151.55937071217 205398.4763404352 -4036.1365860319297 downlink 30.0
"2030-03-07 06:00:00.000" 279.97783480112304 -1.0600978121933768 95.42006561398719 183063.97392533993 -64726.67581198009 10108.474080497042 downlink 30.0
"2030-03-07 12:00:00.000" 272.1830885365158 4.489824525339813 96.6262436047498 -82413.90123208727 -155962.41392472776 23973.904855987093 downlink 30.0
"2030-03-07 18:00:00.000" 263.24990604132347 12.74082392032793 96.29745366464391 -123627.04765831454 97082.79240839327 37023.38972046686 downlink 30.0
"2030-03-08 00:00:00.000" 252.6638196599139 26.02316026383359 92.25547431897034 107114.67030786921 85813.63063706762 48411.42278309996 downlink 30.0
"2030-03-08 06:00:00.000" 236.59360022332703 50.23553574727329 76.21232341855973 42921.696739788735 -110314.30798156427 56866.3304582715 downlink 30.0
"2030-03-08 12:00:00.000" 137.81433549960465 73.27842394565 -32.583787789567964 -104148.8739694562 3257.6336158534677 60698.1707210621 downlink 30.0
"2030-03-08 18:00:00.000" 81.58280935359049 44.26902887211658 -91.49804872417758 48827.13726388408 86800.30848938158 58265.276296500015 downlink 30.0
"2030-03-09 00:00:00.000" 60.31769536235044 23.639621214188875 -102.16526650040697 58886.12550501681 -88423.69711952457 49040.69758185187 downlink 30.0
"2030-03-09 06:00:00.000" 42.20868658149513 9.73597576526552 -102.8186456745434 -117841.40755110857 -23913.665619881092 34294.304790001755 downlink 30.0
"2030-03-09 12:00:00.000" 116.45805571373373 8.680017454170793 90.8899857877763 13686.667604943572 135999.95626972528 16311.319634817926 downlink 30.0
"2030-03-09 18:00:00.000" 102.62587358336876 2.227845319297334 86.12328290811305 144232.38081954053 -50606.84321532814 -2864.8665367595577 downlink 30.0
"2030-03-10 00:00:00.000" 92.11472099502927 -5.164000172111945 84.47171870402349 -85064.84849024822 -144647.7829478336 -21918.958138108504 downlink 30.0
"2030-03-10 06:00:00.000" 83.9164367016933 -12.950086126840397 85.01658735522227 -139196.52490496874 116324.52940160135 -40145.462384971994 downlink 30.0
"2030-03-10 12:00:00.000" 77.22611137310841 -21.05480844607091 87.25689098921391 144201.43114918369 129415.61433691006 -57212.72744334265 downlink 30.0
"2030-03-10 18:00:00.000" 71.38767726865265 -29.55905347516382 91.01918650060276 116453.9629963489 -168765.0488414048 -72989.61570421401 downlink 30.0
"2030-03-11 00:00:00.000" 65.73873073827619 -38.522355555202964 96.40091217345929 -190187.78533285743 -101161.874846113 -87446.84248504213 downlink 30.0
"2030-03-11 06:00:00.000" 59.40176386708676 -47.84081287611194 103.81949503379857 -84173.36141598976 208673.59616330886 -100606.57699596875 downlink 30.0
"2030-03-11 12:00:00.000" 50.952803820913175 -57.112436646406636 114.25062242683015 224426.85558537627 65967.83988060303 -112514.55966316586 downlink 30.0
"2030-03-11 18:00:00.000" 37.85461902282192 -65.51664732289838 129.77957692553568 46914.738889452485 -237640.09288225567 -123223.94654761342 downlink 30.0
"2030-03-12 00:00:00.000" 16.27225372291104 -71.67446763939385 153.83735656283443 -248489.0635651622 -27304.963333682124 -132789.2784633534 downlink 30.0
"2030-03-12 06:00:00.000" 346.3111482868736 -73.87046815502448 -173.97433272492117 -7371.6940516438235 257131.44728285007 -141264.91908675974 downlink 30.0
"2030-03-12 12:00:00.000" 319.42442890506084 -72.02537585813634 -145.2653432423542 263708.64565195685 -12695.325841769505 -148701.8616445845 downlink 30.0
"2030-03-12 18:00:00.000" 302.00577560644535 -68.17996705929255 -126.47112953022906 -32738.256932735098 -268348.2972110691 -155145.31086021414 downlink 30.0
"2030-03-13 00:00:00.000" 291.13655134401495 -63.88758249006855 -114.65159117432106 -271165.2593210039 52622.520921481715 -160636.46184843386 downlink 30.0
"2030-03-13 06:00:00.000" 283.7835033714991 -59.7453393636004 -106.72528593979402 72231.94808042192 272262.47918666125 -165214.13660771112 downlink 30.0
"2030-03-13 12:00:00.000" 278.34012063317795 -55.92135220486598 -101.03135418474629 271733.50475661736 -91465.3547750092 -168912.8184805654 downlink 30.0
"2030-03-13 18:00:00.000" 274.00188787870394 -52.433562061536875 -96.71506012580204 -110232.28892481481 -269664.76338419394 -171761.727084271 downlink 30.0
"2030-03-14 00:00:00.000" 270.34533893148955 -49.25176364613352 -93.3106010759953 -266135.76440933987 128449.6012395255 -173787.57779882118 downlink 30.0
"2030-03-14 06:00:00.000" 267.1323634727785 -46.333761637172564 -90.54594067810224 146040.492633162 261219.2728026457 -175015.7888218171 downlink 30.0
"2030-03-14 12:00:00.000" 264.2202537373391 -43.63798448818175 -88.25208836181334 254983.3241098394 -162933.79655273256 -175468.1243945048 downlink 30.0
"2030-03-14 18:00:00.000" 261.51829608109995 -41.12743796602709 -86.31856538706742 -179061.5572076319 -247492.95006403886 -175162.36382919535 downlink 30.0
"2030-03-15 00:00:00.000" 258.96558248961327 -38.77044519235002 -84.67012885608244 -238809.82367835558 194357.02639961554 -174115.28851521638 downlink 30.0
"2030-03-15 06:00:00.000" 256.51902581683026 -36.540250394095644 -83.25387834826775 208754.80632400388 228992.08217587366 -172343.13795454777 downlink 30.0
"2030-03-15 12:00:00.000" 254.14654748717277 -34.41429211588327 -82.0317450345533 218096.10148630143 -222190.8284727616 -169858.97155946074 downlink 30.0
"2030-03-15 18:00:00.000" 251.82301397780458 -32.373451871850826 -80.97592974458637 -234600.41742294337 -206177.9630135059 -166672.9337330278 downlink 30.0
"2030-03-16 00:00:00.000" 249.52769344245638 -30.401384035993917 -80.06604108840342 -193292.96672685543 245916.6932658622 -162795.26089050446 downlink 30.0
"2030-03-16 06:00:00.000" 247.2425789802423 -28.48395342253017 -79.28726238163603 256070.89773313675 179495.49630906226 -158236.01062164662 downlink 30.0
"2030-03-16 12:00:00.000" 244.95121414392864 -26.608777561332495 -78.62917305651322 164840.81667725238 -264992.3458559261 -153002.41255887665 downlink 30.0
"2030-03-16 18:00:00.000" 242.63780683751364 -24.76486210503183 -78.08501112878457 -272606.4874751168 -149386.58505561747 -147099.79446982822 downlink 30.0
"2030-03-17 00:00:00.000" 240.28649785881188 -22.942318121155896 -77.65125573152359 -133192.69775067124 278833.2699345626 -140534.48859401495 downlink 30.0
"2030-03-17 06:00:00.000" 237.88069262101052 -21.13215450149892 -77.32746617829251 283587.108874721 116321.70315523585 -133312.9794929836 downlink 30.0
"2030-03-17 12:00:00.000" 235.40238516262696 -19.32614609482892 -77.11635436014848 98841.09946819147 -286776.29873067123 -125439.60955232706 downlink 30.0
"2030-03-17 18:00:00.000" 232.83141018281833 -17.516789060738194 -77.02410127922347 -288300.66132946557 -80825.52779142173 -116918.32280558576 downlink 30.0
"2030-03-18 00:00:00.000" 230.14455501023983 -15.6973718103607 -77.06096436777617 -62357.91757955192 288049.4007069701 -107755.54383021982 downlink 30.0
"2030-03-18 06:00:00.000" 227.31445016031716 -13.862217796526204 -77.24226847942857 285900.07525645103 43531.69532415174 -97959.22808940356 downlink 30.0
"2030-03-18 12:00:00.000" 224.30813424878494 -12.007205182951095 -77.58994199634151 24455.151034695053 -281716.77651550085 -87537.73822189038 downlink 30.0
"2030-03-18 18:00:00.000" 313.2096895139245 -11.676490645647016 79.65066845578853 -275346.7351440242 -5256.546275339141 -76503.19155816839 downlink 30.0
"2030-03-19 00:00:00.000" 309.20981545119383 -10.96273419683338 81.60793570844177 13910.12855603715 266617.0097796194 -64875.42605995762 downlink 30.0
"2030-03-19 06:00:00.000" 304.8950066843303 -9.9285898537905 83.56860050391649 255331.80479055888 -32856.40448486541 -52683.153636396164 downlink 30.0
"2030-03-19 12:00:00.000" 300.2125849378352 -8.484223405768189 85.50279019013672 -51346.064809343006 -241269.21230934767 -39967.495919421934 downlink 30.0
"2030-03-19 18:00:00.000" 295.0967941495707 -6.498686659933799 87.35500414911661 -224177.8336770488 69076.89466650716 -26791.97099620979 downlink 30.0
