downlinks.ecsv
# %ECSV 1.0
# ---
# datatype:
# - {name: start_time, datatype: string}
# - {name: target_coord.ra, unit: deg, datatype: float64}
# - {name: target_coord.dec, unit: deg, datatype: float64}
# - {name: roll, unit: deg, datatype: float64}
# - {name: observer_location.x, unit: km, datatype: float64}
# - {name: observer_location.y, unit: km, datatype: float64}
# - {name: observer_location.z, unit: km, datatype: float64}
# - {name: action, datatype: string}
# - {name: duration, unit: min, datatype: float64}
# meta: !!omap
# - __serialized_columns__:
#     duration:
#       __class__: astropy.units.quantity.Quantity
#       unit: !astropy.units.Unit {unit: min}
#       value: !astropy.table.SerializedColumn {name: duration}
#     observer_location:
#       __class__: astropy.coordinates.earth.EarthLocation
#       ellipsoid: WGS84
#       x: !astropy.table.SerializedColumn
#         __class__: astropy.units.quantity.Quantity
#         unit: &id001 !astropy.units.Unit {unit: km}
#         value: !astropy.table.SerializedColumn {name: observer_location.x}
#       y: !astropy.table.SerializedColumn
#         __class__: astropy.units.quantity.Quantity
#         unit: *id001
#         value: !astropy.table.SerializedColumn {name: observer_location.y}
#       z: !astropy.table.SerializedColumn
#         __class__: astropy.units.quantity.Quantity
#         unit: *id001
#         value: !astropy.table.SerializedColumn {name: observer_location.z}
#     roll:
#       __class__: astropy.units.quantity.Quantity
#       unit: &id002 !astropy.units.Unit {unit: deg}
#       value: !astropy.table.SerializedColumn {name: roll}
#     start_time:
#       __class__: astropy.time.core.Time
#       format: iso
#       in_subfmt: '*'
#       out_subfmt: '*'
#       precision: 3
#       scale: utc
#       value: !astropy.table.SerializedColumn {name: start_time}
#     target_coord:
#       __class__: astropy.coordinates.sky_coordinate.SkyCoord
#       dec: !astropy.table.SerializedColumn
#         __class__: astropy.coordinates.angles.core.Latitude
#         unit: *id002
#         value: !astropy.table.SerializedColumn {name: target_coord.dec}
#       frame: icrs
#       ra: !astropy.table.SerializedColumn
#         __class__: astropy.coordinates.angles.core.Longitude
#         unit: *id002
#         value: !astropy.table.SerializedColumn {name: target_coord.ra}
#         wrap_angle: !astropy.coordinates.Angle
#           unit: *id002
#           value: 360.0
#       representation_type: unitspherical
# schema: astropy-2.0
start_time target_coord.ra target_coord.dec roll observer_location.x observer_location.y observer_location.z action duration
[from data line 209]
"2030-02-22 06:00:00.000" 186.00335530648928 10.982099471631235 -88.29617086423296 179670.1018137834 -33160.50398252376 20631.638991830485 downlink 30.0
"2030-02-22 12:00:00.000" 175.98765697228743 12.547455804752122 -94.41661351556675 -56018.21344849541 -154095.08594569808 34271.58092419077 downlink 30.0
"2030-02-22 18:00:00.000" 163.99371264947243 12.220644583532392 -103.38491567027944 -122261.86154098411 76349.4138498225 46532.467353368556 downlink 30.0
"2030-02-23 00:00:00.000" 151.09445279256707 7.666689821744902 62.83823068314238 92216.46723702161 83805.8822234282 56280.378392294915 downlink 30.0
"2030-02-23 06:00:00.000" 144.67513571675659 -5.185232806941084 36.950111144362275 39307.72714986993 -100970.92965435424 61939.8241771769 downlink 30.0
"2030-02-23 12:00:00.000" 163.12911213131198 -10.77220288398514 -18.342168896951534 -99748.28406784174 8771.87845023627 61770.85654355007 downlink 30.0
"2030-02-23 18:00:00.000" 162.08967307908551 6.129520071287864 -55.892975583917675 55728.14293912528 86962.4494747672 54753.423104189096 downlink 30.0
"2030-02-24 00:00:00.000" 143.64672760557661 13.411951708822938 104.72106644216962 63854.79162677595 -96256.20230218663 41542.025563391784 downlink 30.0
"2030-02-24 06:00:00.000" 124.62348304677788 12.643663743385744 92.12192672820403 -127143.48464170138 -33979.7065614203 24201.061427107357 downlink 30.0
"2030-02-24 12:00:00.000" 109.20176059835977 8.080839678751342 84.49252659149252 -1098.5706205372276 148020.87064829332 4954.48402315164 downlink 30.0
"2030-02-24 18:00:00.000" 97.37146170807308 2.1823821736183655 80.4085304381945 160156.85513476635 -32119.07674924599 -14606.278905277533 downlink 30.0
"2030-02-25 00:00:00.000" 88.21745974648422 -4.0054244624281905 78.65555716416692 -64144.96996839761 -165229.52890331362 -33564.98406019826 downlink 30.0
"2030-02-25 06:00:00.000" 80.93386862596367 -10.15099033967076 78.44903191077812 -164761.2402335335 94212.61112293944 -51461.33874118913 downlink 30.0
"2030-02-25 12:00:00.000" 74.95171741073338 -16.219415780523004 79.3439124334199 121985.56730125331 159978.2582390247 -68094.79683932675 downlink 30.0
"2030-02-25 18:00:00.000" 69.87409079001081 -22.288154267093333 81.11366684907547 151830.4585846905 -147353.88519652685 -83400.13194116196 downlink 30.0
"2030-02-26 00:00:00.000" 65.40004295301283 -28.4720828578151 83.67445873662257 -170321.9300762099 -141048.92154354492 -97379.51541815646 downlink 30.0
"2030-02-26 06:00:00.000" 61.25944569093759 -34.88879490376634 87.05169353460856 -128200.07796127058 190948.69976186746 -110068.99060920434 downlink 30.0
"2030-02-26 12:00:00.000" 57.146064452436285 -41.63182040621119 91.38246812717672 209317.48933727908 113727.917928254 -121519.65615608853 downlink 30.0
"2030-02-26 18:00:00.000" 52.62325317376646 -48.73506204044971 96.96351779841163 97986.23002180282 -225520.7305575229 -131785.751638815 downlink 30.0
"2030-02-27 00:00:00.000" 46.95162726157693 -56.11792828188754 104.38793644761968 -239651.31028178785 -81262.37764215353 -140920.43634522925 downlink 30.0
"2030-02-27 06:00:00.000" 38.721908867905256 -63.49947512307526 114.88890057765545 -63793.276152374965 251797.81970074208 -148975.6304284324 downlink 30.0
"2030-02-27 12:00:00.000" 25.091226845102373 -70.24105623521581 131.09950755513364 262043.5541154193 45776.71150700691 -155999.83538038944 downlink 30.0
"2030-02-27 18:00:00.000" 1.443833240910471 -75.02626271137011 157.41169618252556 27381.119555218163 -270466.7663948305 -162035.68273822436 downlink 30.0
"2030-02-28 00:00:00.000" 329.1072007030508 -75.97406061713737 -167.70775469130845 -277139.78414645296 -8753.14268893222 -167121.48138549266 downlink 30.0
"2030-02-28 06:00:00.000" 302.8955563924154 -73.11245020765772 -139.22519880390925 9978.25279111699 282128.4264159074 -171293.351377791 downlink 30.0
"2030-02-28 12:00:00.000" 287.3656202397525 -68.5590699878605 -121.78007555729523 285493.4375817067 -28698.795750903166 -174583.64240540724 downlink 30.0
"2030-02-28 18:00:00.000" 278.1072230022291 -63.70028382927444 -110.99272385244817 -47304.85403173939 -287291.89858904807 -177019.53935734776 downlink 30.0
"2030-03-01 00:00:00.000" 271.9910074477824 -59.04422845105459 -103.72793993824398 -287576.6729587373 65700.11506408035 -178625.52914756036 downlink 30.0
"2030-03-01 06:00:00.000" 267.51538903479627 -54.73818625979995 -98.45795424065565 83794.73167423597 286395.9813671515 -179425.13939476968 downlink 30.0
"2030-03-01 12:00:00.000" 263.95469300285237 -50.798447653211554 -94.4230354491253 283794.979426245 -101504.63149255597 -179438.8058023584 downlink 30.0
"2030-03-01 18:00:00.000" 260.93369828262473 -47.195009854206084 -91.2135569608995 -118749.03312357458 -279817.10535717104 -178682.9489373331 downlink 30.0
"2030-03-02 00:00:00.000" 258.2443205069795 -43.884082859101476 -88.590504224731 -274503.3607211905 135448.3734305557 -177172.7771583321 downlink 30.0
"2030-03-02 06:00:00.000" 255.76348992432807 -40.82081847134985 -86.40493386144298 151524.40003936176 267891.83703994355 -174923.33627882833 downlink 30.0
"2030-03-02 12:00:00.000" 253.4138745424664 -37.96400554603634 -84.5590924286491 260019.26882313614 -166900.05715356278 -171946.95726916063 downlink 30.0
"2030-03-02 18:00:00.000" 251.1438648825364 -35.27740262108931 -82.98625943899404 -181497.4001374859 -250922.2868210023 -168252.88125655774 downlink 30.0
"2030-03-03 00:00:00.000" 248.91677211653456 -32.72968970435769 -81.63962765326573 -240636.71111487062 195235.84315637368 -163850.22583367839 downlink 30.0
"2030-03-03 06:00:00.000" 246.70467799841006 -30.293904554030778 -80.48584887373461 208032.32296436615 229197.23145853242 -158748.3411656047 downlink 30.0
"2030-03-03 12:00:00.000" 244.4847371625267 -27.94674016729014 -79.50114364478333 216639.04707276283 -219801.03307693716 -152954.12186201673 downlink 30.0
"2030-03-03 18:00:00.000" 242.23681014396485 -25.667861173213247 -78.66890777084937 -230451.21359899192 -202999.20775474975 -146472.3179101134 downlink 30.0
"2030-03-04 00:00:00.000" 239.9418223983778 -23.439299281933867 -77.9782509854127 -188316.29143238868 239885.20614099945 -139308.57484412607 downlink 30.0
"2030-03-04 06:00:00.000" 237.58050152657222 -21.244946861031735 -77.42316364927898 247998.0433163118 172630.67130511178 -131469.23102923416 downlink 30.0
"2030-03-04 12:00:00.000" 235.13227390402832 -19.070154128529058 -77.00215371167415 155986.6648438626 -254676.36597953853 -122958.91439903415 downlink 30.0
"2030-03-04 18:00:00.000" 232.574163238076 -16.90143704756115 -76.71828876016254 -259795.47182584176 -138434.57131640436 -113781.81399684597 downlink 30.0
"2030-03-05 00:00:00.000" 229.87955472295343 -14.726316089189178 -76.57964867329433 -120031.70974409819 263216.4263742788 -103944.95228489305 downlink 30.0
"2030-03-05 06:00:00.000" 227.01668130169483 -12.533333068595143 -76.60026394470492 264784.0440145127 100844.58975868959 -93457.99861685478 downlink 30.0
"2030-03-05 12:00:00.000" 223.94665589141704 -10.312343501032432 -76.80170190353363 80953.3009546753 -264323.7659302128 -82332.19967745346 downlink 30.0
"2030-03-05 18:00:00.000" 220.62081363029876 -8.055276285139737 -77.21559219742781 -261636.61998550314 -60456.80770008225 -70583.77862992388 downlink 30.0
"2030-03-06 00:00:00.000" 216.9770386751308 -5.757735307056061 -77.88759328737405 -39479.27615307497 256493.7630846017 -58239.046675220765 downlink 30.0
"2030-03-06 06:00:00.000" 212.93463979510437 -3.4221841845035557 -78.88366420812726 248630.92000974363 18180.001944799096 -45337.22101518064 downlink 30.0
"2030-03-06 12:00:00.000" 208.38726922067536 -1.0642179326211973 -80.30015609408062 -3231.1598288962227 -237741.40637376482 -31935.597309114324 downlink 30.0
"2030-03-06 18:00:00.000" 203.19360642430235 1.27492719585663 -82.28045141734151 -223468.22640399085 24471.534639940244 -18122.467054592973 downlink 30.0
"2030-03-07 00:00:00.000" 197.16700648023541 3.502770928359514 -85.04327275306004 45152.38876375561 205398.29401799504 -4036.136586429003 downlink 30.0
"2030-03-07 06:00:00.000" 190.0715192265189 5.42137406159231 -88.93304191308899 183063.7125593549 -64727.41501877472 10108.474079502097 downlink 30.0
"2030-03-07 12:00:00.000" 181.65566959325847 6.608023852827327 -94.51713498944791 -82414.53100325355 -155962.08113835414 23973.90485656184 downlink 30.0
"2030-03-07 18:00:00.000" 171.85001765171805 6.14398888644732 -102.81193842729132 -123626.65563942821 97083.29161027423 37023.3897211022 downlink 30.0
"2030-03-08 00:00:00.000" 161.6689739022705 2.0289513100776624 63.964272544328715 107115.01682036869 85813.1981102866 48411.422782433045 downlink 30.0
"2030-03-08 06:00:00.000" 157.27244287817885 -8.767099130808003 38.94931395812166 42921.251293600624 -110314.48129726446 56866.33045810341 downlink 30.0
"2030-03-08 12:00:00.000" 171.54497010325008 -14.026405187731793 -9.18883278660934 -104148.8608140268 3258.054166181391 60698.17072165115 downlink 30.0
"2030-03-08 18:00:00.000" 172.62414320244883 1.0748412985153641 -45.71830293485308 48827.48776109539 86800.11132606512 58265.27629616334 downlink 30.0
"2030-03-09 00:00:00.000" 155.25134170369446 11.132910862267167 114.12178326795502 58885.768452340046 -88423.93489933734 49040.69758157815 downlink 30.0
"2030-03-09 06:00:00.000" 134.40436289690126 12.632819965941295 99.97860792162517 -117841.50411268075 -23913.189779282588 34294.30479068716 downlink 30.0
"2030-03-09 12:00:00.000" 116.45805571371172 8.68001745417278 90.88998578777264 13687.216769039225 135999.90100223717 16311.319634647038 downlink 30.0
"2030-03-09 18:00:00.000" 102.6258735833402 2.2278453192975607 86.12328290810999 144232.17646929558 -50607.42562133797 -2864.866537543722 downlink 30.0
"2030-03-10 00:00:00.000" 92.11472099500735 -5.16400017211378 84.47171870402283 -85065.43257347387 -144647.43945713574 -21918.95813752646 downlink 30.0
"2030-03-10 06:00:00.000" 83.91643670166953 -12.950086126845349 85.01658735522584 -139196.05518878766 116325.09147239313 -40145.46238426145 downlink 30.0
"2030-03-10 12:00:00.000" 77.22611137308502 -21.054808446081083 87.25689098922226 144201.95372440468 129415.03205436925 -57212.72744424999 downlink 30.0
"2030-03-10 18:00:00.000" 71.38767726862638 -29.559053475179876 91.01918650061847 116453.28152632019 -168765.51907800575 -72989.61570475952 downlink 30.0
"2030-03-11 00:00:00.000" 65.73873073824802 -38.52235555522313 96.40091217348257 -190188.19382069525 -101161.10687225751 -87446.84248389308 downlink 30.0
"2030-03-11 06:00:00.000" 59.40176386705485 -47.84081287613723 103.81949503383153 -84172.51879758996 208673.93605127427 -100606.57699563386 downlink 30.0
"2030-03-11 12:00:00.000" 50.95280382086187 -57.11243664643724 114.25062242688706 224427.12195924626 65966.93365046551 -112514.55966448518 downlink 30.0
"2030-03-11 18:00:00.000" 37.85461902274387 -65.51664732292605 129.7795769256234 46913.779304155934 -237640.282320839 -123223.94654771694 downlink 30.0
"2030-03-12 00:00:00.000" 16.272253722763484 -71.67446763941179 153.83735656299763 -248489.1738205876 -27303.959941488247 -132789.27846192397 downlink 30.0
"2030-03-12 06:00:00.000" 346.3111482867062 -73.87046815502028 -173.97433272473475 -7370.655762620997 257131.4770473563 -141264.91908689405 downlink 30.0
"2030-03-12 12:00:00.000" 319.4244289049356 -72.02537585811383 -145.26534324221248 263708.5943855831 -12696.390690087563 -148701.86164607294 downlink 30.0
"2030-03-12 18:00:00.000" 302.0057756063566 -68.17996705926333 -126.47112953012957 -32739.340516455144 -268348.16501279897 -155145.3108598444 downlink 30.0
"2030-03-13 00:00:00.000" 291.1365513439619 -63.88758249003895 -114.65159117426263 -271165.0468314007 52623.61587886497 -160636.46184693044 downlink 30.0
"2030-03-13 06:00:00.000" 283.78350337146026 -59.745339363574956 -106.72528593975484 72233.04746735356 272262.18751369393 -165214.13660830774 downlink 30.0
"2030-03-13 12:00:00.000" 278.3401206331411 -55.92135220483881 -101.03135418471277 271733.13541883475 -91466.45202686114 -168912.8184820454 downlink 30.0
"2030-03-13 18:00:00.000" 274.00188787867376 -52.4335620615125 -96.71506012577797 -110233.37782385192 -269664.3182671366 -171761.7270834604 downlink 30.0
"2030-03-14 00:00:00.000" 270.3453389314642 -49.25176364611252 -93.31060107597814 -266135.2457321699 128450.67588731826 -173787.57779739826 downlink 30.0
"2030-03-14 06:00:00.000" 267.13236347275665 -46.33376163715497 -90.54594067809028 146041.54742726294 261218.6830928778 -175015.7888228252 downlink 30.0
"2030-03-14 12:00:00.000" 264.2202537373156 -43.63798448816429 -88.2520883618018 254982.66618454186 -162934.82616722645 -175468.12439584074 downlink 30.0
"2030-03-14 18:00:00.000" 261.5182960810781 -41.12743796601136 -86.31856538705863 -179062.55657694963 -247492.22701645625 -175162.3638280092 downlink 30.0
"2030-03-15 00:00:00.000" 258.96558248958945 -38.770445192334485 -84.67012885607359 -238809.03886902475 194357.99070546724 -174115.2885139938 downlink 30.0
"2030-03-15 06:00:00.000" 256.5190258168081 -36.54025039408204 -83.2538783482608 208755.73098510015 228991.23922767956 -172343.13795588983 downlink 30.0
"2030-03-15 12:00:00.000" 254.1465474871516 -34.41429211587144 -82.03174503454764 218095.20428305925 -222191.70913717055 -169858.97156054666 downlink 30.0
"2030-03-15 18:00:00.000" 251.82301397778096 -32.37345187183853 -80.97592974458021 -234601.2499629691 -206177.01570185134 -166672.93373155466 downlink 30.0
"2030-03-16 00:00:00.000" 249.5276934424338 -30.40138403598316 -80.06604108839814 -193291.97372130965 245917.47377546877 -162795.2608895756 downlink 30.0
"2030-03-16 06:00:00.000" 247.24257898022046 -28.48395342252091 -79.28726238163131 256071.62252806485 179494.4623001959 -158236.01062322338 downlink 30.0
"2030-03-16 12:00:00.000" 244.95121414390707 -26.60877756132376 -78.629173056509 164839.7466431813 -264993.0114765883 -153002.4125596309 downlink 30.0
"2030-03-16 18:00:00.000" 242.6378068374893 -24.764862105022832 -78.08501112877946 -272607.0906926861 -149385.48427693805 -147099.7944681782 downlink 30.0
"2030-03-17 00:00:00.000" 240.2864978587907 -22.94231812114811 -77.6512557315198 -133191.57182924316 278833.80776067433 -140534.48859344985 downlink 30.0
"2030-03-17 06:00:00.000" 237.88069262098946 -21.132154501491843 -77.3274661782888 283587.578575514 116320.55803719217 -133312.9794946733 downlink 30.0
"2030-03-17 12:00:00.000" 235.40238516260584 -19.326146094822466 -77.11635436014471 98839.94147181607 -286776.69784607773 -125439.6095526917 downlink 30.0
"2030-03-17 18:00:00.000" 232.83141018279716 -17.516789060732226 -77.02410127921964 -288300.9876990538 -80824.36364064275 -116918.32280389364 downlink 30.0
"2030-03-18 00:00:00.000" 230.14455501021834 -15.6973718103551 -77.06096436777221 -62356.75444403867 288049.65250411676 -107755.54383006316 downlink 30.0
"2030-03-18 06:00:00.000" 227.31445016029215 -13.862217796520332 -77.24226847942374 285900.25103336264 43530.54086702247 -97959.22809105652 downlink 30.0
"2030-03-18 12:00:00.000" 224.3081342487657 -12.007205182946935 -77.58994199633804 24454.0134693457 -281716.8752624964 -87537.73822183619 downlink 30.0
"2030-03-18 18:00:00.000" 221.08515674429594 -10.13075751136749 -78.13487031235057 -275346.7563680042 -5255.434432741033 -76503.19155660158 downlink 30.0
"2030-03-19 00:00:00.000" 217.59504523205987 -8.235668585242236 -78.92052873770707 13911.205147770144 266616.95360868156 -64875.42606021927 downlink 30.0
"2030-03-19 06:00:00.000" 213.77394511785096 -6.332457863777147 -80.0086980071897 255331.67211491286 -32857.43550749837 -52683.15363782323 downlink 30.0
"2030-03-19 12:00:00.000" 209.54031993816915 -4.445634763507643 -81.48871001696867 -51347.039047644226 -241269.00497340006 -39967.49591896512 downlink 30.0
"2030-03-19 18:00:00.000" 204.790050768368 -2.6257068421948517 -83.49296450110558 -224177.55474475832 69077.79988989822 -26791.970994984415 downlink 30.0
