downlinks.ecsv
# %ECSV 1.0
# ---
# datatype:
# - {name: start_time, datatype: string}
# - {name: target_coord.ra, unit: deg, datatype: float64}
# - {name: target_coord.dec, unit: deg, datatype: float64}
# - {name: roll, unit: deg, datatype: float64}
# - {name: observer_location.x, unit: km, datatype: float64}
# - {name: observer_location.y, unit: km, datatype: float64}
# - {name: observer_location.z, unit: km, datatype: float64}
# - {name: action, datatype: string}
# - {name: duration, unit: min, datatype: float64}
# meta: !!omap
# - __serialized_columns__:
#     duration:
#       __class__: astropy.units.quantity.Quantity
#       unit: !astropy.units.Unit {unit: min}
#       value: !astropy.table.SerializedColumn {name: duration}
#     observer_location:
#       __class__: astropy.coordinates.earth.EarthLocation
#       ellipsoid: WGS84
#       x: !astropy.table.SerializedColumn
#         __class__: astropy.units.quantity.Quantity
#         unit: &id001 !astropy.units.Unit {unit: km}
#         value: !astropy.table.SerializedColumn {name: observer_location.x}
#       y: !astropy.table.SerializedColumn
#         __class__: astropy.units.quantity.Quantity
#         unit: *id001
#         value: !astropy.table.SerializedColumn {name: observer_location.y}
#       z: !astropy.table.SerializedColumn
#         __class__: astropy.units.quantity.Quantity
#         unit: *id001
#         value: !astropy.table.SerializedColumn {name: observer_location.z}
#     roll:
#       __class__: astropy.coordinates.angles.core.Angle
#       unit: &id002 !astropy.units.Unit {unit: deg}
#       value: !astropy.table.SerializedColumn {name: roll}
#     start_time:
#       __class__: astropy.time.core.Time
#       format: iso
#       in_subfmt: '*'
#       out_subfmt: '*'
#       precision: 3
#       scale: utc
#       value: !astropy.table.SerializedColumn {name: start_time}
#     target_coord:
#       __class__: astropy.coordinates.sky_coordinate.SkyCoord
#       dec: !astropy.table.SerializedColumn
#         __class__: astropy.coordinates.angles.core.Latitude
#         unit: *id002
#         value: !astropy.table.SerializedColumn {name: target_coord.dec}
#       frame: icrs
#       ra: !astropy.table.SerializedColumn
#         __class__: astropy.coordinates.angles.core.Longitude
#         unit: *id002
#         value: !astropy.table.SerializedColumn {name: target_coord.ra}
#         wrap_angle: !astropy.coordinates.Angle
#           unit: *id002
#           value: 360.0
#       representation_type: unitspherical
# schema: astropy-2.0
start_time target_coord.ra target_coord.dec roll observer_location.x observer_location.y observer_location.z action duration
[from data line 105]
"2030-01-27 06:00:00.000" 263.09362897430816 -1.9948600125050002 113.31354839055575 159880.78016345526 13130.247420052638 41932.32455245513 downlink 30.0
"2030-01-27 12:00:00.000" 252.13103093619335 5.425095989676945 114.47045149429147 -19387.158514485986 -139565.62682730934 53678.862517499096 downlink 30.0
"2030-01-27 18:00:00.000" 239.14974290429754 15.294015295751823 113.40338322354405 -111398.27949890048 50546.59709281469 62475.858311677905 downlink 30.0
"2030-01-28 00:00:00.000" 223.4113782347456 28.706396177879792 107.71168169163651 77690.55219303464 75058.67910793466 66775.24808912181 downlink 30.0
"2030-01-28 06:00:00.000" 202.14061579023866 52.09665148700454 87.38776244250771 31850.041264322543 -97402.18870278484 65069.71015456351 downlink 30.0
"2030-01-28 12:00:00.000" 66.90349893543205 47.769547869285155 -83.19083920490709 -106707.92455524257 14709.519532430395 56726.29005535488 downlink 30.0
"2030-01-28 18:00:00.000" 51.73604043398954 11.528625096479685 -106.10398901026332 59879.51062531146 104754.82746438365 42627.36665339164 downlink 30.0
"2030-01-29 00:00:00.000" 37.75168630023154 -3.189437636369461 -107.9201255707402 93153.09306380701 -99842.82526004089 24745.29082889961 downlink 30.0
"2030-01-29 06:00:00.000" 24.39386304551328 -12.024302196616969 -105.05884126012273 -132829.43579582672 -74672.7740016642 5100.6442134853 downlink 30.0
"2030-01-29 12:00:00.000" 12.247875309047377 -17.518537469804247 -100.48557559370977 -51922.49152644287 158691.22695809792 -14845.448778139114 downlink 30.0
"2030-01-29 18:00:00.000" 1.4460937824174716 -20.763674344000744 -95.38577412609732 178062.32324233436 26850.473906208124 -34222.13943016195 downlink 30.0
"2030-01-30 00:00:00.000" 81.82866493825027 0.2956032327585062 67.53827096232311 773.4080079676576 -191802.68803096114 -52568.64578668606 downlink 30.0
"2030-01-30 06:00:00.000" 75.42545675053483 -4.109204669017637 66.8560727318509 -200748.58665644852 25451.67736894692 -69667.9821136968 downlink 30.0
"2030-01-30 12:00:00.000" 69.95257335954972 -8.183324230527521 66.80084105981861 51272.01468552407 205630.10688231484 -85439.04790274079 downlink 30.0
"2030-01-30 18:00:00.000" 65.16722315941055 -11.973447927730165 67.19385024718036 207059.65189333304 -76330.49342718744 -99871.57592154389 downlink 30.0
"2030-01-31 00:00:00.000" 60.90231552777129 -15.53766004265772 67.92864426402124 -100394.73858521193 -205545.01434118868 -112989.8996568753 downlink 30.0
"2030-01-31 06:00:00.000" 57.039256708494904 -18.935077203894693 68.94338249464258 -201506.9873219839 123311.86682678576 -124835.95629004991 downlink 30.0
"2030-01-31 12:00:00.000" 53.490837314396515 -22.223314902695826 70.20571112926407 144980.93549086343 195295.73328122066 -135459.78598740438 downlink 30.0
"2030-01-31 18:00:00.000" 50.19007922936284 -25.459120429157434 71.70482199922597 187205.7836676835 -165335.86567553334 -144911.79302258123 downlink 30.0
"2030-02-01 00:00:00.000" 47.08235551016066 -28.700394017934233 73.44802147762987 -184333.21456861176 -177488.38603684076 -153239.61561266572 downlink 30.0
"2030-02-01 06:00:00.000" 44.11888288869222 -32.00890791053134 75.4606440451436 -166359.78823648335 201943.77496274357 -160489.1794368412 downlink 30.0
"2030-02-01 12:00:00.000" 41.2498886828558 -35.45349529775109 77.7892966803831 218148.4077466095 154007.45499475274 -166703.99484469029 downlink 30.0
"2030-02-01 18:00:00.000" 38.41523728769953 -39.113633850088306 80.50972822557846 140596.54721137672 -232935.5568479252 -171922.5209617457 downlink 30.0
"2030-02-02 00:00:00.000" 35.52839685569026 -43.0828049824851 83.7425445778026 -246297.96623730994 -126275.23505168305 -176178.77352522282 downlink 30.0
"2030-02-02 06:00:00.000" 32.44478475215915 -47.46978225180389 87.68464989609609 -111177.18749555541 258230.14524154135 -179504.98188008618 downlink 30.0
"2030-02-02 12:00:00.000" 28.89250056176146 -52.392728576696285 92.67657358109767 268728.2971870312 95423.46212792385 -181930.9050364099 downlink 30.0
"2030-02-02 18:00:00.000" 24.305438547272438 -57.95208257095269 99.36209410731863 79125.9091599919 -277790.45776377287 -183481.6876349621 downlink 30.0
"2030-02-03 00:00:00.000" 17.377909903057862 -64.14299443475542 109.1148903613229 -285414.79562839394 -62390.035900743576 -184179.38422109882 downlink 30.0
"2030-02-03 06:00:00.000" 4.793401846953329 -70.58362616376984 125.27249424464193 -45315.495240653894 291598.25160469435 -184045.4544854195 downlink 30.0
"2030-02-03 12:00:00.000" 338.8756433249971 -75.66164922458039 155.4299112032054 296337.3833573352 27996.573008035393 -183099.3657794305 downlink 30.0
"2030-02-03 18:00:00.000" 299.48543857844646 -75.61838372177746 -160.50890193101378 10524.621166874529 -299629.0427038309 -181356.69378938054 downlink 30.0
"2030-02-04 00:00:00.000" 272.50358288340027 -69.90110555833765 -128.79082312782054 -301469.0129412126 7009.885089962246 -178831.20217097655 downlink 30.0
"2030-02-04 06:00:00.000" 259.8851819359953 -62.18615508167547 -111.75738851454122 24517.43234848622 301850.98467787553 -175536.88675714086 downlink 30.0
"2030-02-04 12:00:00.000" 253.51924530960704 -54.510606547645274 -101.5915125560499 300767.6216341973 -41909.25469732995 -171485.97709550953 downlink 30.0
"2030-02-04 18:00:00.000" 249.71596806035586 -47.543703904253846 -94.74603830787959 -59095.07894530747 -298211.3103252262 -166687.46616238344 downlink 30.0
"2030-02-05 00:00:00.000" 247.00859755729488 -41.41796191946439 -89.77168878465368 -294172.9525066788 75981.18244686199 -161149.64646448992 downlink 30.0
"2030-02-05 06:00:00.000" 244.7667693580118 -36.06216172780803 -85.98669773500967 92470.29326363992 288641.1744073955 -154881.63883883026 downlink 30.0
"2030-02-05 12:00:00.000" 242.69772825862555 -31.344014962329613 -83.02367545647648 281603.4549749339 -108460.94625562202 -147891.06633789532 downlink 30.0
"2030-02-05 18:00:00.000" 240.65536736643045 -27.128799822974038 -80.66451615169687 -123844.83005901503 -273046.88876054354 -140183.2791825592 downlink 30.0
"2030-02-06 00:00:00.000" 238.56005938185726 -23.299111135092 -78.7716916199542 -262957.28969316086 138504.30630953208 -131764.3460444388 downlink 30.0
"2030-02-06 06:00:00.000" 236.36238485147007 -19.758328139985892 -77.25587272748484 152311.23456796998 251318.8656114591 -122642.19752320705 downlink 30.0
"2030-02-06 12:00:00.000" 234.0255362739461 -16.428314528001692 -76.05918408795748 238115.6397186355 -165124.86708521072 -112824.50664964531 downlink 30.0
"2030-02-06 18:00:00.000" 231.5159823344125 -13.24573022597805 -75.14611272965448 -176787.66084235304 -223332.66685595305 -102319.17847211416 downlink 30.0
"2030-02-07 00:00:00.000" 228.79774171361436 -10.158577363944307 -74.49867960514139 -206956.30491403057 187120.7705981724 -91138.25648894838 downlink 30.0
"2030-02-07 06:00:00.000" 225.82798809326889 -7.123505650573977 -74.1143681575204 195919.7263574974 188975.638255572 -79299.60223092702 downlink 30.0
"2030-02-07 12:00:00.000" 222.552680822373 -4.104059484826886 -74.00621948192295 169386.06037585708 -202948.19717632988 -66826.73550206878 downlink 30.0
"2030-02-07 18:00:00.000" 218.9012467696554 -1.0700698068626089 -74.20507275906877 -207928.91194680257 -148193.9888539142 -53752.954943282864 downlink 30.0
"2030-02-08 00:00:00.000" 214.7793258091709 2.001325613885808 -74.76442311468823 -125423.39272302082 210532.72584495242 -40129.461577102644 downlink 30.0
"2030-02-08 06:00:00.000" 210.05836927564727 5.121913110781716 -75.76893812963009 210365.46442827373 101127.26261690323 -26033.201523957712 downlink 30.0
"2030-02-08 12:00:00.000" 204.5606203205347 8.28343306568397 -77.34839473850562 75407.05631392344 -206950.93333184588 -11578.098636818226 downlink 30.0
"2030-02-08 18:00:00.000" 198.03832252622783 11.438150421688105 -79.69952375811359 -199710.75478568778 -48444.18529347416 3062.392927718496 downlink 30.0
"2030-02-09 00:00:00.000" 190.14924166793074 14.457826767630074 -83.11798354396008 -20552.6327645782 187945.37261494104 17619.29624216991 downlink 30.0
"2030-02-09 06:00:00.000" 269.8774318666124 -1.8743157525178826 107.05542738968148 170827.13110208168 -7732.237693398228 31675.78206416895 downlink 30.0
"2030-02-09 12:00:00.000" 260.06161067291407 4.798594192043293 108.64268414577055 -35509.61775225121 -147436.3336880598 44587.34339379507 downlink 30.0
"2030-02-09 18:00:00.000" 248.622868326282 14.232376854663176 108.32769684433497 -116917.12925028945 61302.03135218901 55374.25577089 downlink 30.0
"2030-02-10 00:00:00.000" 235.03112022537135 28.367791762886206 103.66335108648761 82830.08421343533 78899.11125690668 62642.724395853904 downlink 30.0
"2030-02-10 06:00:00.000" 215.72678815002544 54.746170920949766 83.98631673630305 34316.18572537141 -97044.3294519427 64716.38339182493 downlink 30.0
"2030-02-10 12:00:00.000" 79.97550573472985 59.20136087005849 -74.513415665134 -100970.95093177412 13716.194683812826 60259.20036026615 downlink 30.0
"2030-02-10 18:00:00.000" 58.312957198714315 22.81673930430787 -101.65383126044799 60245.76735287312 93423.96175075998 49246.79508614384 downlink 30.0
"2030-02-11 00:00:00.000" 42.889583914097166 5.459245589815096 -105.4452045423534 75961.15017317212 -100679.09192496266 33234.72710260289 downlink 30.0
"2030-02-11 06:00:00.000" 28.49917579475347 -5.033219462871273 -103.2930510361823 -132708.0512712311 -51771.7038066702 14428.871806259735 downlink 30.0
"2030-02-11 12:00:00.000" 15.563378415702276 -11.479650576628988 -98.76511913437423 -23953.193806450825 156205.36862517032 -5328.326592483013 downlink 30.0
"2030-02-11 18:00:00.000" 93.31934173992977 3.2663432926101006 74.8042451363383 172133.35824943217 -5261.100129063462 -24863.190476314317 downlink 30.0
"2030-02-12 00:00:00.000" 85.02284286749095 -2.0310601114811355 73.03590174578056 -34472.14828891033 -181724.11966765084 -43534.060434048486 downlink 30.0
"2030-02-12 06:00:00.000" 78.26057704416323 -7.095162367904408 72.44352887823888 -186121.64205394377 62858.86972532451 -61028.80429706358 downlink 30.0
"2030-02-12 12:00:00.000" 72.59240723506905 -11.909669809241246 72.65749540081336 89955.92910332972 186282.68900955224 -77219.5798926494 downlink 30.0
"2030-02-12 18:00:00.000" 67.72212676739083 -16.528481072163952 73.4681019397668 182978.91610984647 -115508.4361759782 -92074.478118724 downlink 30.0
"2030-02-13 00:00:00.000" 63.44439843540298 -21.02999648422418 74.76243909387013 -139384.1973765979 -176827.9137635515 -105609.16122504139 downlink 30.0
"2030-02-13 06:00:00.000" 59.608584352499356 -25.501139912952233 76.4905022608558 -168325.7242423785 161521.938410006 -117863.52301311425 downlink 30.0
"2030-02-13 12:00:00.000" 56.093453691502404 -30.032721926732332 78.64900748618652 181901.96159844857 157873.99996701232 -128888.42563549374 downlink 30.0
"2030-02-13 18:00:00.000" 52.786309915108895 -34.718451583179515 81.27703798306594 145802.38794154485 -200529.3662086025 -138736.2367097627 downlink 30.0
"2030-02-14 00:00:00.000" 49.5601029804078 -39.653573059269085 84.46233506849278 -217422.9612310179 -132385.90938167638 -147457.34350014635 downlink 30.0
"2030-02-14 06:00:00.000" 46.23961230753181 -44.929554174610054 88.36221371419893 -117856.72849070144 232608.1705930405 -155100.7235155726 downlink 30.0
"2030-02-14 12:00:00.000" 42.5395512854441 -50.61965446429998 93.25264470823763 246114.05076076015 102412.74419809818 -161712.50459653538 downlink 30.0
"2030-02-14 18:00:00.000" 37.93424415066607 -56.746301518938644 99.6431603993584 86225.6515881856 -257971.87351141268 -167333.36168409814 downlink 30.0
"2030-02-15 00:00:00.000" 31.35221769292354 -63.21198342657391 108.56330911705102 -268212.8139753249 -69447.36526272097 -171999.60431065699 downlink 30.0
"2030-02-15 06:00:00.000" 20.418102102487108 -69.64483916476364 122.30132929267143 -52213.33766946685 276866.221131011 -175745.60849025188 downlink 30.0
"2030-02-15 12:00:00.000" 0.05955981478871399 -75.00967706432564 145.78611648588478 283960.17562590906 34645.02492574544 -178602.6360612274 downlink 30.0
"2030-02-15 18:00:00.000" 326.5489899388389 -77.04535724290909 -177.44852217899506 16853.65723714571 -289522.1725944381 -180597.00113878289 downlink 30.0
"2030-02-16 00:00:00.000" 295.3817093366366 -74.35997389454467 -143.11083713042237 -293577.9229581996 1056.6285844218173 -181752.09477348745 downlink 30.0
"2030-02-16 06:00:00.000" 277.66572485902617 -69.09065832017339 -122.48663085196505 18988.083140646006 296150.40641209605 -182090.54301488472 downlink 30.0
"2030-02-16 12:00:00.000" 268.0831165839953 -63.232276122087654 -110.38136821348988 297261.04561597964 -36848.72413591464 -181632.39274628003 downlink 30.0
"2030-02-16 18:00:00.000" 262.26376596060004 -57.56256422905928 -102.4878954251387 -54549.84700753925 -296930.6909434751 -180393.65479238075 downlink 30.0
"2030-02-17 00:00:00.000" 258.2495577335364 -52.32692220618873 -96.86105111529106 -295178.554897467 72003.93379254689 -178388.79463054342 downlink 30.0
"2030-02-17 06:00:00.000" 255.1571107814526 -47.57024563543988 -92.59926300809717 89124.723661737 292021.4441512075 -175632.3176992907 downlink 30.0
"2030-02-17 12:00:00.000" 252.55530536965088 -43.26047876275897 -89.2385961393437 287475.05800440523 -105827.0335832291 -172136.4391871332 downlink 30.0
"2030-02-17 18:00:00.000" 250.21722961472378 -39.33926554786797 -86.5158206098082 -122024.5710241004 -281554.98226040864 -167910.12665576753 downlink 30.0
"2030-02-18 00:00:00.000" 248.01503675607205 -35.743555738866135 -84.26958916673973 -274275.7231558253 137628.0705738438 -162961.90512505412 downlink 30.0
"2030-02-18 06:00:00.000" 245.87163724353275 -32.414315998527336 -82.39523238133715 152545.31448642438 265650.1468566113 -157300.82064737243 downlink 30.0
"2030-02-18 12:00:00.000" 243.73685734256554 -29.299375679293856 -80.82221060525637 255690.86763846077 -166680.66535102885 -150933.86431109434 downlink 30.0
"2030-02-18 18:00:00.000" 241.5749048705039 -26.35369746665444 -79.50202395850937 -179932.61474122282 -244411.31005578264 -143865.7054181213 downlink 30.0
"2030-02-19 00:00:00.000" 239.3573508056109 -23.538624720185133 -78.40137467414009 -231825.1120128333 192191.54769602054 -136101.74903430554 downlink 30.0
"2030-02-19 06:00:00.000" 237.0588904811927 -20.820819824859697 -77.4981942413415 203338.93043209144 217946.11799256064 -127648.59684681757 downlink 30.0
"2030-02-19 12:00:00.000" 234.65449994882655 -18.171208628121907 -76.77937861106986 202790.20597459792 -213245.6949717848 -118511.69304369781 downlink 30.0
"2030-02-19 18:00:00.000" 232.11722756677815 -15.564064822275157 -76.2396610969411 -221768.6412995429 -186376.97283414335 -108696.15271863287 downlink 30.0
"2030-02-20 00:00:00.000" 229.416149295875 -12.976298266757567 -75.8813653104476 -168730.46118550765 228746.71402917439 -98210.35320627161 downlink 30.0
"2030-02-20 06:00:00.000" 226.51413309027765 -10.38700484879297 -75.71497968095976 233997.8218135684 149881.05276869985 -87066.60737804002 downlink 30.0
"2030-02-20 12:00:00.000" 223.36507195269328 -7.777379080483143 -75.7606617344466 129869.58468678253 -237314.16508465022 -75280.38604035036 downlink 30.0
"2030-02-20 18:00:00.000" 219.91018109060394 -5.131198298704988 -76.05096926808109 -238455.20448020083 -108752.50929363228 -62873.928264658745 downlink 30.0
"2030-02-21 00:00:00.000" 216.07281559345225 -2.436309432409632 -76.6353828182392 -86608.48199219647 237139.53868314356 -49882.69355830993 downlink 30.0
"2030-02-21 06:00:00.000" 211.75105566469273 0.3119950763385055 -77.58760604515365 233035.68883432608 63549.20144640457 -36360.36576956341 downlink 30.0
"2030-02-21 12:00:00.000" 206.80708962935253 3.103867528726542 -79.01732254769637 39736.89604484617 -225750.31999163193 -22386.534202518807 downlink 30.0
"2030-02-21 18:00:00.000" 201.05252298414865 5.900143773526557 -81.08920557331842 -214814.40755559457 -15410.967829535964 -8083.756281315478 downlink 30.0
