initial-survey.ecsv
# %ECSV 1.0
# ---
# datatype:
# - {name: start_time, datatype: string}
# - {name: duration, unit: s, datatype: float64}
# - {name: observer_location.x, unit: km, datatype: float64}
# - {name: observer_location.y, unit: km, datatype: float64}
# - {name: observer_location.z, unit: km, datatype: float64}
# - {name: action, datatype: string}
# - {name: target_coord.ra, unit: deg, datatype: float64}
# - {name: target_coord.dec, unit: deg, datatype: float64}
# - {name: roll, unit: deg, datatype: float64}
# - {name: field_id, datatype: int64}
# - {name: block_id, datatype: int64}
# meta: !!omap
# - __serialized_columns__:
#     duration:
#       __class__: astropy.units.quantity.Quantity
#       unit: !astropy.units.Unit {unit: s}
#       value: !astropy.table.SerializedColumn {name: duration}
#     observer_location:
#       __class__: astropy.coordinates.earth.EarthLocation
#       ellipsoid: WGS84
#       x: !astropy.table.SerializedColumn
#         __class__: astropy.units.quantity.Quantity
#         unit: &id001 !astropy.units.Unit {unit: km}
#         value: !astropy.table.SerializedColumn
#           __class__: astropy.utils.masked.core.MaskedNDArray
#           data: !astropy.table.SerializedColumn {name: observer_location.x}
#       y: !astropy.table.SerializedColumn
#         __class__: astropy.units.quantity.Quantity
#         unit: *id001
#         value: !astropy.table.SerializedColumn
#           __class__: astropy.utils.masked.core.MaskedNDArray
#           data: !astropy.table.SerializedColumn {name: observer_location.y}
#       z: !astropy.table.SerializedColumn
#         __class__: astropy.units.quantity.Quantity
#         unit: *id001
#         value: !astropy.table.SerializedColumn
#           __class__: astropy.utils.masked.core.MaskedNDArray
#           data: !astropy.table.SerializedColumn {name: observer_location.z}
#     roll:
#       __class__: astropy.units.quantity.Quantity
#       unit: &id002 !astropy.units.Unit {unit: deg}
#       value: !astropy.table.SerializedColumn
#         __class__: astropy.utils.masked.core.MaskedNDArray
#         data: !astropy.table.SerializedColumn {name: roll}
#     start_time:
#       __class__: astropy.time.core.Time
#       format: iso
#       in_subfmt: '*'
#       out_subfmt: '*'
#       precision: 3
#       scale: utc
#       value: !astropy.table.SerializedColumn {name: start_time}
#     target_coord:
#       __class__: astropy.coordinates.sky_coordinate.SkyCoord
#       dec: !astropy.table.SerializedColumn
#         __class__: astropy.coordinates.angles.core.Latitude
#         unit: *id002
#         value: !astropy.table.SerializedColumn
#           __class__: astropy.utils.masked.core.MaskedNDArray
#           data: !astropy.table.SerializedColumn {name: target_coord.dec}
#       frame: icrs
#       ra: !astropy.table.SerializedColumn
#         __class__: astropy.coordinates.angles.core.Longitude
#         unit: *id002
#         value: !astropy.table.SerializedColumn
#           __class__: astropy.utils.masked.core.MaskedNDArray
#           data: !astropy.table.SerializedColumn {name: target_coord.ra}
#         wrap_angle: !astropy.coordinates.Angle
#           unit: *id002
#           value: 360.0
#       representation_type: unitspherical
# schema: astropy-2.0
start_time duration observer_location.x observer_location.y observer_location.z action target_coord.ra target_coord.dec roll field_id block_id
[from data line 7350]
"2030-03-18 15:04:14.953" 900.0 -190564.93864660885 -203949.1798894534 -81965.7630720833 observe 205.8405867018104 -33.74757624717064 -42.974353844287144 5368 210
"2030-03-18 15:19:14.953" 105.21699551819063 -203807.3536274576 -190264.53503743827 -81505.13370376528 slew "" "" "" "" ""
"2030-03-18 15:21:00.170" 900.0 -205292.7212611867 -188607.3782116217 -81451.21407530397 observe 203.73846423989855 -31.277916698009896 -42.25075351112132 5389 210
"2030-03-18 15:36:00.170" 113.05621498031041 -217438.5513548734 -173969.01783912865 -80989.41385163752 slew "" "" "" "" ""
"2030-03-18 15:37:53.227" 900.0 -218891.83064854392 -172073.55864510997 -80931.32938992526 observe 205.2950221800756 -28.832608756829725 -46.19865720166342 5388 210
"2030-03-18 15:52:53.227" 105.218640973682 -229863.28601810965 -156562.56208724342 -80468.35105644187 slew "" "" "" "" ""
"2030-03-18 15:54:38.445" 900.0 -231075.2991819911 -154702.23614907908 -80414.15618653681 observe 207.3885371434176 -31.241511360312543 -46.68059739565722 5367 210
"2030-03-18 16:09:38.445" 105.30826404366195 -240819.76002536327 -138418.11143651762 -79950.01075700493 slew "" "" "" "" ""
"2030-03-18 16:11:23.753" 900.0 -241885.92353642295 -136471.31959324892 -79895.63327014244 observe 209.5618487798905 -33.65779972063404 -47.31678929106608 5347 210
"2030-03-18 16:26:23.753" 105.39430440207317 -250349.1274707901 -119510.76014603926 -79430.32256960649 slew "" "" "" "" ""
"2030-03-18 16:28:09.148" 900.0 -251263.2453605047 -117488.9833085937 -79375.76430432653 observe 211.8303148114761 -36.07547309836032 -48.117854390423815 5328 210
"2030-03-18 16:43:09.148" 108.82527329579952 -258398.52973773365 -99952.47694220202 -78909.29019910989 slew "" "" "" "" ""
"2030-03-18 16:44:57.973" 900.0 -259179.06392962538 -97801.36111106936 -78852.81506874834 observe 215.59511320825882 -35.77851469403149 -52.17309998731948 5309 210
"2030-03-18 16:59:57.973" 105.41502333677494 -264943.0230261017 -79791.19726994664 -78385.17560156615 slew "" "" "" "" ""
"2030-03-18 17:01:43.388" 900.0 -265536.79983206396 -77658.30969526221 -78330.33408197406 observe 213.25741959222054 -33.422801017930766 -51.41178959677777 5327 210
"2030-03-18 17:16:43.388" 105.36471481472208 -269903.43308884033 -59282.555194085486 -77861.53523465106 slew "" "" "" "" ""
"2030-03-18 17:18:28.753" 900.0 -270331.88245008787 -57114.190525663245 -77806.58428109791 observe 211.02002797177653 -31.063143385768306 -50.83537287544687 5346 210
"2030-03-18 17:33:28.753" 105.32015121116375 -273278.9357026975 -38481.068747396646 -77336.62818652802 slew "" "" "" "" ""
"2030-03-18 17:35:14.073" 900.0 -273540.1127908553 -36289.892297959486 -77281.565176286 observe 208.8680044458676 -28.705754331484897 -50.43674599363223 5366 210
"2030-03-18 17:50:14.073" 105.28749866682061 -275053.69095247984 -17508.895617346974 -76810.45399621471 slew "" "" "" "" ""
"2030-03-18 17:51:59.360" 900.0 -275146.61372138496 -15307.534599712599 -76755.27305533428 observe 206.78793487008608 -26.35630256385798 -50.21210640515265 5387 210
"2030-03-18 18:06:59.360" 202.80131825825302 -275221.23627021775 3511.2187670882968 -76283.00897322272 slew "" "" "" "" ""
"2030-03-19 12:00:00.000" 1800.0 -51347.039047644226 -241269.00497340006 -39967.49591896512 downlink 209.54031993816915 -4.445634763507643 -81.48871001696867 "" ""
"2030-03-19 12:30:00.000" 307.2506504787309 -83727.71681062454 -231011.7665679656 -38886.00586547021 slew "" "" "" "" ""
"2030-03-19 12:35:07.251" 900.0 -89088.18507424442 -228821.94063886662 -38701.08330999271 observe 267.2895602660906 60.57164948711183 -90.95214852751604 3937 39
"2030-03-19 12:50:07.251" 104.73674059592524 -104454.66336735629 -221695.54221191065 -38158.87833604619 slew "" "" "" "" ""
"2030-03-19 12:51:51.987" 900.0 -106208.15581209114 -220798.44173118653 -38095.72864362187 observe 271.30730372657246 62.89517590278827 -87.42404787106697 3938 39
"2030-03-19 13:06:51.987" 104.47562585810896 -120949.3258334148 -212523.25726964927 -37552.64876042736 slew "" "" "" "" ""
"2030-03-19 13:08:36.463" 900.0 -122620.81056891925 -211498.05324744093 -37489.55539026462 observe 273.4788436973453 60.115023809273744 -85.57600404285442 3956 39
"2030-03-19 13:23:36.463" 104.49060218872415 -136651.0723357785 -202128.11068520378 -36945.6083895318 slew "" "" "" "" ""
"2030-03-19 13:25:20.954" 900.0 -138235.45712887964 -200979.03263197513 -36882.405746731696 observe 277.8343112766306 62.2119594584704 -81.6472035747989 3957 39
"2030-03-19 13:40:20.954" 104.64484161068583 -151473.5910917765 -190574.4366293384 -36337.59933769446 slew "" "" "" "" ""
"2030-03-19 13:42:05.598" 900.0 -152963.6787631539 -189307.0906938671 -36274.20392351935 observe 279.446492390269 59.33489927086149 -80.44684068349675 3975 39
"2030-03-19 13:57:05.598" 104.25589661735242 -165333.357242396 -177933.83675883195 -35728.54585949536 slew "" "" "" "" ""
"2030-03-19 13:58:49.854" 900.0 -166713.12442205116 -176563.0701613959 -35665.287900570875 observe 284.0055864538337 61.19780520093137 -76.25359763356813 3976 39
"2030-03-19 14:13:49.854" 104.92952472936207 -178143.9805843092 -164293.2551371827 -35118.786556371226 slew "" "" "" "" ""
"2030-03-19 14:15:34.784" 900.0 -179419.27764983824 -162813.46088110123 -35055.02199529274 observe 282.76736788669757 64.15718657548487 -77.05622102406845 3958 39
"2030-03-19 14:30:34.784" 104.36202927361506 -189845.80281121517 -149723.42139349852 -34507.6850233907 slew "" "" "" "" ""
"2030-03-19 14:32:19.146" 900.0 -190994.25959096322 -148161.1955654503 -34444.168936154194 observe 288.3536534781362 65.91720833186078 -71.72880556250472 3959 39
"2030-03-19 14:47:19.146" 105.27562188514733 -200358.4281953595 -134332.9700717266 -33896.00519164484 slew "" "" "" "" ""
"2030-03-19 14:49:04.422" 900.0 -201389.44711155308 -132675.62734812722 -33831.83682353643 observe 287.5480449490097 68.95861051830153 -72.14240580185803 3941 39
"2030-03-19 15:04:04.422" 104.50243117413817 -209638.23550482665 -118194.3850132257 -33282.854118681214 slew "" "" "" "" ""
"2030-03-19 15:05:48.924" 900.0 -210529.47082298258 -116478.55117042508 -33219.06247938737 observe 281.3117871766056 67.12686104653567 -78.14220399671355 3940 39
"2030-03-19 15:20:48.924" 104.57615909585058 -217618.6052076437 -101434.21851708146 -32669.270177256538 slew "" "" "" "" ""
"2030-03-19 15:22:33.500" 900.0 -218373.37800278896 -99657.06483699309 -32605.339971110996 observe 275.94030668691306 65.09149876562356 -83.19454068321156 3939 39
"2030-03-19 15:37:33.500" 104.84315400052182 -224264.79532138107 -84142.09248930021 -32054.746920576174 slew "" "" "" "" ""
"2030-03-19 15:39:18.343" 900.0 -224880.03016145361 -82311.06315119528 -31990.560726016272 observe 273.6505728639754 67.96569129983371 -85.20173462333851 3922 39
"2030-03-19 15:54:18.343" 104.71301985022899 -229542.77077638527 -66420.38298406679 -31439.175807030413 slew "" "" "" "" ""
"2030-03-19 15:56:03.056" 900.0 -230012.81278443354 -64553.52897598159 -31374.977692160835 observe 279.53669554038316 70.10192275359054 -79.61250767269146 3923 39
"2030-03-19 16:11:03.056" 104.80361836222801 -233423.9142770669 -48384.18314367221 -30822.810283003975 slew "" "" "" "" ""
"2030-03-19 16:12:47.860" 900.0 -233747.5620245799 -46488.9690434217 -30758.466047030706 observe 270.7860782318909 70.82288397345854 -87.84665129463956 3907 39
"2030-03-19 16:27:47.860" 104.93854310088737 -235891.42604407782 -30139.282417831528 -30205.525540193103 slew "" "" "" "" ""
"2030-03-19 16:29:32.798" 900.0 -236067.12686668866 -28226.369776603988 -30141.00887844797 observe 265.5773126373632 68.39504058239137 -92.69697290619979 3906 39
"2030-03-19 16:44:32.798" 104.70597379655871 -236935.805837436 -11795.442353578936 -29587.304825299405 slew "" "" "" "" ""
"2030-03-19 16:46:17.504" 900.0 -236962.6349460592 -9883.09520009115 -29522.842896675193 observe 268.7254362234488 65.65995232149712 -89.74604387080592 3921 39
"2030-03-19 17:01:17.504" 104.89812734597311 -236556.38351367772 6529.811092486261 -28968.385319443267 slew "" "" "" "" ""
"2030-03-19 17:03:02.403" 900.0 -236434.9556896651 8437.795732747949 -28903.71783937213 observe 264.564889697771 63.22567051494401 -93.43974477325148 3920 39
"2030-03-19 17:18:02.403" 104.46905087592911 -234761.20384566765 24733.87339885472 -28348.51663758705 slew "" "" "" "" ""
"2030-03-19 17:19:46.872" 900.0 -234493.92631638746 26614.79932571224 -28284.027965657882 observe 261.32186995296 65.84097939052064 -96.50819974945259 3905 39
"2030-03-19 17:34:46.872" 105.1574796312453 -231568.52494546058 42696.4019218218 -27728.09369473058 slew "" "" "" "" ""
"2030-03-19 17:36:32.029" 900.0 -231154.3882775378 44559.00463973641 -27663.09498033865 observe 257.77962026706786 63.19438123243853 -99.51798579546791 3904 39
"2030-03-19 17:51:32.029" 307.1760828823758 -226999.33377145478 60329.85514652917 -27106.437587602846 slew "" "" "" "" ""
"2030-03-19 18:00:00.000" 1800.0 -224177.55474475832 69077.79988989822 -26791.970994984415 downlink 204.790050768368 -2.6257068421948517 -83.49296450110558 "" ""
"2030-03-19 18:30:00.000" 352.1911341927513 -211500.1426580689 98962.51137631264 -25676.041578298526 slew "" "" "" "" ""
"2030-03-19 18:35:52.191" 900.0 -208546.8705916979 104573.90358681712 -25457.40650338189 observe 156.36531161028847 54.091266803712266 152.68527279705927 299 83
"2030-03-19 18:50:52.191" 106.42628355337584 -200327.91965614166 118508.98896655721 -24898.275087818325 slew "" "" "" "" ""
"2030-03-19 18:52:38.617" 900.0 -199293.5838015986 120116.20824205328 -24832.11694459128 observe 154.2254402538753 51.58655930646869 149.39488397079933 306 83
"2030-03-19 19:07:38.617" 105.98705517309247 -190036.90662004906 133339.0728380234 -24272.31171106117 slew "" "" "" "" ""
"2030-03-19 19:09:24.604" 900.0 -188888.12106089617 134851.1694814223 -24206.34795647854 observe 151.46256112799577 54.28724416358159 147.19110495055858 305 83
"2030-03-19 19:24:24.604" 106.07240633094735 -178654.8112937466 147284.97426099324 -23645.880874005532 slew "" "" "" "" ""
"2030-03-19 19:26:10.677" 900.0 -177393.7995512305 148700.9430673537 -23579.786688491015 observe 146.5569201710232 54.28357360645747 141.81401293683973 312 83
"2030-03-19 19:41:10.677" 105.97081860401977 -166250.14209578102 160273.57394217612 -23018.66960609288 slew "" "" "" "" ""
"2030-03-19 19:42:56.648" 900.0 -164887.27919421357 161582.7697897588 -22952.562900014258 observe 149.54575481132568 51.67448512508418 144.1185817587107 313 83
"2030-03-19 19:57:56.648" 105.8882841923042 -152905.03409682115 172227.7943569245 -22390.80802300298 slew "" "" "" "" ""
"2030-03-19 19:59:42.536" 900.0 -151448.98892844585 173423.16060613692 -22324.678491413473 observe 152.2720035727526 49.03791652849422 146.16353361570165 314 83
"2030-03-19 20:14:42.536" 107.72597207547753 -138704.732348853 183080.05649700164 -21762.298250311844 slew "" "" "" "" ""
"2030-03-19 20:16:30.262" 900.0 -137136.89603708187 184174.40634856033 -21694.94687330606 observe 150.4744249294923 46.44998308211936 142.95732443079407 323 83
"2030-03-19 20:31:30.262" 105.7857237471758 -123710.33192656621 192786.88937469714 -21131.95278376832 slew "" "" "" "" ""
"2030-03-19 20:33:16.048" 900.0 -122095.53421387763 193735.95113143953 -21065.743140912593 observe 147.79471697773863 49.024595737875266 141.09276120710172 322 83
"2030-03-19 20:48:16.048" 106.96343698430644 -108072.77519609717 201258.24581751483 -20502.14926927674 slew "" "" "" "" ""
"2030-03-19 20:50:03.011" 900.0 -106374.28260802575 202085.66710548758 -20435.131965452576 observe 143.35243082729443 48.831230720416436 136.19631983439 331 83
"2030-03-19 21:05:03.011" 105.77192478748265 -91842.83079775471 208475.5388500685 -19870.950761163254 slew "" "" "" "" ""
"2030-03-19 21:06:48.783" 900.0 -90108.80656456515 209158.61238003243 -19804.61178994899 observe 146.18069783043356 46.3413705132005 138.08351583974715 332 83
"2030-03-19 21:21:48.783" 105.68307458653214 -75160.1355440851 214383.5756601493 -19239.857346325793 slew "" "" "" "" ""
"2030-03-19 21:23:34.466" 900.0 -73384.0035757412 214927.59709176837 -19173.50758777118 observe 148.80778573402694 43.826729817009 139.74969991001092 333 83
"2030-03-19 21:38:34.466" 108.32771559310541 -58111.163623328364 218961.21814887782 -18608.193611939292 slew "" "" "" "" ""
"2030-03-19 21:40:22.794" 900.0 -56257.20096654546 219373.9734752266 -18540.116898752887 observe 144.68059822212544 43.62813222936577 135.06821105829584 343 83
"2030-03-19 21:55:22.794" 105.67201114131943 -40754.35147328615 222193.91650410005 -17974.25590426097 slew "" "" "" "" ""
"2030-03-19 21:57:08.466" 900.0 -38924.48655846556 222453.41432750534 -17907.784811865688 observe 141.93333202560223 46.06179279777295 133.4055401812156 342 83
"2030-03-19 22:12:08.466" 105.746630525101 -23288.036576131883 224051.23589230832 -17341.39246822508 slew "" "" "" "" ""
"2030-03-19 22:13:54.212" 900.0 -21446.82616382399 224166.93741426544 -17274.81285031531 observe 138.9782181361026 48.462759959012644 131.50040099628487 341 83
"2030-03-19 22:28:54.212" 107.09553182725107 -5772.901148448936 224538.4724272937 -16707.903616560467 slew "" "" "" "" ""
"2030-03-19 22:30:41.308" 900.0 -3909.4694032467382 224509.69524492478 -16640.414037882285 observe 140.28388289061502 51.28562696325491 134.04616211589442 330 83
"2030-03-19 22:45:41.308" 106.05485076988946 11705.795624395938 223656.78156362215 -16073.002042903188 slew "" "" "" "" ""
"2030-03-19 22:47:27.363" 900.0 13538.570300760703 223484.5799725669 -16006.109952662819 observe 144.88521360311879 51.57281526193429 138.99085003280345 321 83
"2030-03-19 23:02:27.363" 105.94957470777132 28999.874956570548 221419.47660735532 -15438.210825927721 slew "" "" "" "" ""
"2030-03-19 23:04:13.312" 900.0 30807.14523855025 221105.69895731568 -15371.328694703165 observe 141.69699948074927 54.08311132843705 136.59808492309168 320 83
"2030-03-19 23:19:13.312" 106.08928362611312 46020.53429883521 217846.93709174093 -14802.957894549856 slew "" "" "" "" ""
"2030-03-19 23:20:59.402" 900.0 47795.49451254273 217393.4109441812 -14735.932887693558 observe 143.24372699012216 56.852776008587654 139.18204676350325 311 83
"2030-03-19 23:35:59.402" 105.16822233323754 62668.8493214647 212966.5113486343 -14167.106073497669 slew "" "" "" "" ""
"2030-03-19 23:37:44.570" 900.0 64383.40116976809 212382.26890024482 -14100.610642296706 observe 148.3998129304355 56.960109056521944 144.69923796395537 304 83
"2030-03-19 23:52:44.570" 105.59048748712101 78827.52982424892 206821.04002318706 -13531.344257968036 slew "" "" "" "" ""
"2030-03-19 23:54:30.160" 900.0 80493.46275244646 206103.53927079422 -13464.531209129134 observe 153.58139488486606 56.858376659868256 150.34936040121985 298 83
"2030-03-20 00:09:30.160" 353.2824928273009 94421.67310415518 199447.1103970735 -12894.841429150996 slew "" "" "" "" ""
"2030-03-20 00:00:00.000" 1800.0 85655.63296053899 203775.73694898412 -13255.789699799476 downlink 199.39299949884145 -0.9730191687392197 -86.22426986014773 "" ""
"2030-03-20 00:30:00.000" 383.7557527924877 112581.1707815488 188837.4217510642 -12115.779807269018 slew "" "" "" "" ""
"2030-03-20 00:36:23.756" 900.0 118018.57899924213 185183.79058415256 -11872.549616960916 observe 119.92224065680581 -41.95800024865161 68.0009706504604 5074 107
"2030-03-20 00:51:23.756" 104.4563242460968 130303.1235853997 176005.53983740613 -11301.875313518452 slew "" "" "" "" ""
"2030-03-20 00:53:08.212" 900.0 131684.51456867313 174886.55417597183 -11235.619988722383 observe 123.55288991401402 -40.78858469442543 65.60055830998274 5055 107
"2030-03-20 01:08:08.212" 105.99678043434972 143182.2927069713 164802.53743305535 -10664.582668311823 slew "" "" "" "" ""
"2030-03-20 01:09:54.209" 900.0 144487.28943332442 163564.1166610858 -10597.308514192413 observe 120.64014120781826 -38.87824214202251 68.65901049158222 5054 107
