initial-survey.ecsv
# %ECSV 1.0
# ---
# datatype:
# - {name: start_time, datatype: string}
# - {name: duration, unit: s, datatype: float64}
# - {name: observer_location.x, unit: km, datatype: float64}
# - {name: observer_location.y, unit: km, datatype: float64}
# - {name: observer_location.z, unit: km, datatype: float64}
# - {name: action, datatype: string}
# - {name: target_coord.ra, unit: deg, datatype: float64}
# - {name: target_coord.dec, unit: deg, datatype: float64}
# - {name: roll, unit: deg, datatype: float64}
# - {name: field_id, datatype: int64}
# - {name: block_id, datatype: int64}
# meta: !!omap
# - __serialized_columns__:
#     duration:
#       __class__: astropy.units.quantity.Quantity
#       unit: !astropy.units.Unit {unit: s}
#       value: !astropy.table.SerializedColumn {name: duration}
#     observer_location:
#       __class__: astropy.coordinates.earth.EarthLocation
#       ellipsoid: WGS84
#       x: !astropy.table.SerializedColumn
#         __class__: astropy.units.quantity.Quantity
#         unit: &id001 !astropy.units.Unit {unit: km}
#         value: !astropy.table.SerializedColumn
#           __class__: astropy.utils.masked.core.MaskedNDArray
#           data: !astropy.table.SerializedColumn {name: observer_location.x}
#       y: !astropy.table.SerializedColumn
#         __class__: astropy.units.quantity.Quantity
#         unit: *id001
#         value: !astropy.table.SerializedColumn
#           __class__: astropy.utils.masked.core.MaskedNDArray
#           data: !astropy.table.SerializedColumn {name: observer_location.y}
#       z: !astropy.table.SerializedColumn
#         __class__: astropy.units.quantity.Quantity
#         unit: *id001
#         value: !astropy.table.SerializedColumn
#           __class__: astropy.utils.masked.core.MaskedNDArray
#           data: !astropy.table.SerializedColumn {name: observer_location.z}
#     roll:
#       __class__: astropy.units.quantity.Quantity
#       unit: &id002 !astropy.units.Unit {unit: deg}
#       value: !astropy.table.SerializedColumn
#         __class__: astropy.utils.masked.core.MaskedNDArray
#         data: !astropy.table.SerializedColumn {name: roll}
#     start_time:
#       __class__: astropy.time.core.Time
#       format: iso
#       in_subfmt: '*'
#       out_subfmt: '*'
#       precision: 3
#       scale: utc
#       value: !astropy.table.SerializedColumn {name: start_time}
#     target_coord:
#       __class__: astropy.coordinates.sky_coordinate.SkyCoord
#       dec: !astropy.table.SerializedColumn
#         __class__: astropy.coordinates.angles.core.Latitude
#         unit: *id002
#         value: !astropy.table.SerializedColumn
#           __class__: astropy.utils.masked.core.MaskedNDArray
#           data: !astropy.table.SerializedColumn {name: target_coord.dec}
#       frame: icrs
#       ra: !astropy.table.SerializedColumn
#         __class__: astropy.coordinates.angles.core.Longitude
#         unit: *id002
#         value: !astropy.table.SerializedColumn
#           __class__: astropy.utils.masked.core.MaskedNDArray
#           data: !astropy.table.SerializedColumn {name: target_coord.ra}
#         wrap_angle: !astropy.coordinates.Angle
#           unit: *id002
#           value: 360.0
#       representation_type: unitspherical
# schema: astropy-2.0
start_time duration observer_location.x observer_location.y observer_location.z action target_coord.ra target_coord.dec roll field_id block_id
[from data line 9713]
"2030-04-02 17:02:24.414" 104.33652409294258 -144529.2239834807 117166.98589174538 17129.3142695534 slew "" "" "" "" ""
"2030-04-02 17:04:08.750" 900.0 -143485.8279565152 118308.47628425236 17192.481704487145 observe 256.75870742641433 -50.76752846209192 -73.50274536732402 2563 235
"2030-04-02 17:19:08.750" 105.05220009453939 -134116.74694388552 127766.33176417032 17736.870748336674 slew "" "" "" "" ""
"2030-04-02 17:20:53.802" 900.0 -132981.4740399004 128823.70027069902 17800.356274780006 observe 255.711020138016 -47.94379765156165 -73.61902457985609 2564 235
"2030-04-02 17:35:53.802" 104.23954401292352 -122919.83068964821 137466.24130049098 18343.735294826747 slew "" "" "" "" ""
"2030-04-02 17:37:38.042" 900.0 -121717.12660069605 138417.99964957515 18406.61011935632 observe 252.20202562521555 -49.524696481240994 -70.1058637607887 2549 235
"2030-04-02 17:52:38.042" 376.6335973896876 -111033.21890919507 146195.2670665758 18948.93372340748 slew "" "" "" "" ""
"2030-04-02 18:00:00.000" 1800.0 -105601.60803807394 149718.5967966526 19214.891050468857 downlink 182.97983985978607 -7.616993564476354 73.38413367896423 "" ""
"2030-04-02 18:30:00.000" 425.71659412926175 -82397.83680854065 161964.2781621952 20295.52619757902 slew "" "" "" "" ""
"2030-04-02 18:37:05.717" 900.0 -76692.4415383795 164350.88187195957 20550.484515580833 observe 265.8326401696423 -7.940972066394288 -92.8849197779713 3299 172
"2030-04-02 18:52:05.717" 104.19896425954457 -64412.24372790468 168735.62336342718 21088.670208451756 slew "" "" "" "" ""
"2030-04-02 18:53:49.916" 900.0 -62973.58284042058 169184.7126406205 21150.90646957599 observe 266.31796982362675 -5.159833000808185 -93.72754325670638 3309 172
"2030-04-02 19:08:49.916" 104.00834339225648 -50427.72470016425 172551.98153858216 21687.813792249297 slew "" "" "" "" ""
"2030-04-02 19:10:33.924" 900.0 -48965.81773634663 172881.67990654105 21749.785499560625 observe 266.7967913026989 -2.3932618549624656 -94.50580293594345 3321 172
"2030-04-02 19:25:33.924" 104.93579123571625 -36238.09071996786 175216.58383491499 22285.3628069344 slew "" "" "" "" ""
"2030-04-02 19:27:18.860" 900.0 -34746.85475239931 175428.1907020066 22347.728902843875 observe 269.2855189919882 -4.06434045617741 -94.19023791097028 3308 172
"2030-04-02 19:42:18.860" 103.32692232863216 -21921.707066053586 176721.53868998296 22881.921909871333 slew "" "" "" "" ""
"2030-04-02 19:44:02.187" 900.0 -20447.023776319245 176810.21639455034 22943.169925680355 observe 269.7619949977952 -1.3505651233567315 -94.79406498993208 3320 172
"2030-04-02 19:59:02.187" 103.17418580280345 -7609.270286663911 177062.33716208456 23475.92677320323 slew "" "" "" "" ""
"2030-04-02 20:00:45.361" 900.0 -6140.161049670322 177031.7213148146 23536.916485886122 observe 270.2380050022048 1.3505651233567315 -95.33730596087415 3049 172
"2030-04-02 20:15:45.361" 103.21962206850252 6625.975972264533 176248.2944609666 24068.18222951552 slew "" "" "" "" ""
"2030-04-02 20:17:28.580" 900.0 8082.719517950435 176099.48087919937 24129.02457610761 observe 270.7144810080117 4.064340456177408 -95.8243580842475 3062 172
"2030-04-02 20:32:28.580" 105.63668856588869 20693.922520722896 174292.77489260992 24658.7428199243 slew "" "" "" "" ""
"2030-04-02 20:34:14.217" 900.0 22161.72297089097 174021.2205490828 24720.824678772045 observe 267.742733310848 3.0932149212561653 -95.86840026775874 3346 172
"2030-04-02 20:49:14.217" 103.61708587121836 34535.46012019916 171207.84918929957 25248.933966205932 slew "" "" "" "" ""
"2030-04-02 20:50:57.834" 900.0 35943.2348749306 170827.06282700287 25309.640498970235 observe 267.27109734377945 0.35796116826148877 -95.21947841112534 3333 172
"2030-04-02 21:05:57.834" 105.66269375348709 47999.96797836218 167034.650821384 25836.0852210069 slew "" "" "" "" ""
"2030-04-02 21:07:43.497" 900.0 49393.674414008616 166533.0502413342 25897.791090242023 observe 264.32420249202437 -0.6677103682520699 -94.99671470367122 3334 172
"2030-04-02 21:22:43.497" 104.31307512459452 61055.10428368223 161791.64177272093 26422.50764861714 slew "" "" "" "" ""
"2030-04-02 21:24:27.810" 900.0 62380.83987327337 161188.63196493697 26483.22165169715 observe 264.79260478446133 2.118867646092524 -95.82241332230315 3347 172
"2030-04-02 21:39:27.810" 105.6667258627827 73572.95130417506 155537.6485067033 27006.150952800424 slew "" "" "" "" ""
"2030-04-02 21:41:13.477" 900.0 74856.50994765127 154822.4303277348 27067.439191624107 observe 262.32278207366267 3.926877198823141 -96.61158259903785 3362 172
"2030-04-02 21:56:13.477" 104.82215268073713 85507.54760065358 148304.72208681106 27588.51603593518 slew "" "" "" "" ""
"2030-04-02 21:57:58.299" 900.0 86713.86869540985 147497.10712135702 27649.095038475334 observe 261.8643429727027 1.1072174393557952 -95.67182459429728 3348 172
"2030-04-02 22:12:58.299" 105.04952380538037 96757.18927327277 140163.0096832315 28168.256909039814 slew "" "" "" "" ""
"2030-04-02 22:14:43.348" 900.0 97891.44267727718 139261.44772410922 28228.7399779964 observe 261.3963301006091 -1.7264720184886204 -94.6600764597143 3335 172
"2030-04-02 22:29:43.348" 105.31128169247923 107264.23584554937 131165.58750431542 28745.921029531877 slew "" "" "" "" ""
"2030-04-02 22:31:28.660" 900.0 108319.36664753075 130176.03647126156 28806.31911368066 observe 263.8488098720996 -3.46884162711642 -94.10284712935763 3322 172
"2030-04-02 22:46:28.660" 104.72560715471374 116963.5799921036 121377.87800971745 29321.45201480673 slew "" "" "" "" ""
"2030-04-02 22:48:13.385" 900.0 117924.9264416645 120315.78231777855 29381.27200520347 observe 263.36438454139994 -6.283622362348145 -93.14096102386256 3310 172
"2030-04-02 23:03:13.385" 105.09852537197474 125788.34464798996 110879.75721466266 29894.289788037957 slew "" "" "" "" ""
"2030-04-02 23:04:58.484" 900.0 126659.06348132517 109743.2789316962 29954.07171404087 observe 260.91672253334406 -4.573167500095387 -93.57639149234487 3323 172
"2030-04-02 23:19:58.484" 105.4844650414021 133694.27623037956 99737.14944639885 30464.90399288294 slew "" "" "" "" ""
"2030-04-02 23:21:43.968" 900.0 134468.5724999209 98533.79755787169 30524.64510824982 observe 260.4232348693367 -7.431706877153975 -92.42096459328656 3311 172
"2030-04-02 23:36:43.968" 104.86163003231107 140633.94248818222 88028.88652587838 31033.219941544663 slew "" "" "" "" ""
"2030-04-02 23:38:28.830" 900.0 141300.18503487695 86778.83332769034 31092.34117537169 observe 262.868646866702 -9.111008470613406 -92.11128255024518 3300 172
"2030-04-02 23:53:28.830" 423.60346711182495 146561.05475328755 75849.93299697887 31598.587437943563 slew "" "" "" "" ""
"2030-04-03 00:00:00.000" 1800.0 148588.53015305984 70998.13693232159 31817.952743195394 downlink 178.49764067348565 -13.437167521024913 58.76912773106317 "" ""
"2030-04-03 00:30:00.000" 334.4676890287994 155842.95446683752 48053.669291084116 32822.00808733658 slew "" "" "" "" ""
"2030-04-03 00:35:34.468" 900.0 156809.48145771315 43704.71263358157 33007.57942796035 observe 282.22037973293214 -63.194381232438516 -92.61495032034317 2609 225
"2030-04-03 00:50:34.468" 105.02947682792974 158809.21453050768 31919.252255358304 33505.32204616059 slew "" "" "" "" ""
"2030-04-03 00:52:19.497" 900.0 158985.3035079087 30538.110541240567 33563.25418410154 observe 288.8685027875939 -62.806931461546206 -98.54245887300794 2627 225
"2030-04-03 01:07:19.497" 103.98163943549406 160002.45651152908 18679.25428268257 34058.3298929194 slew "" "" "" "" ""
"2030-04-03 01:09:03.479" 900.0 160063.22617829053 17308.120058689685 34115.371462442294 observe 285.2245070187718 -60.478658211096295 -95.42504948604007 2628 225
"2030-04-03 01:24:03.479" 105.09910873009073 160099.23371277508 5457.264821152558 34607.70222565546 slew "" "" "" "" ""
"2030-04-03 01:25:48.578" 900.0 160046.31023968363 4077.067094785176 34665.03129813543 observe 291.27097325467486 -59.939794220696605 -100.67445317643033 2647 225
"2030-04-03 01:40:48.578" 103.63992635048712 159107.20720923715 -7684.846336070432 35154.531513918155 slew "" "" "" "" ""
"2030-04-03 01:42:32.218" 900.0 158943.48294223257 -9031.026969187598 35210.73410694864 observe 287.81804890541804 -57.71049546022014 -97.73763656101715 2648 225
"2030-04-03 01:57:32.218" 105.30614713544117 157044.43297189256 -20624.358749272567 35697.323813314855 slew "" "" "" "" ""
"2030-04-03 01:59:17.524" 900.0 156766.73052292183 -21967.82726990808 35754.08415379114 observe 290.09488374245433 -54.90208439609175 -99.64416987160051 2669 225
"2030-04-03 02:14:17.524" 103.15133151770567 153926.44418735098 -33313.96621642836 36237.672612565235 slew "" "" "" "" ""
"2030-04-03 02:16:00.675" 900.0 153548.07518718115 -34597.238137363776 36292.92290557908 observe 287.180593938192 -52.70169807218802 -97.29754616536307 2670 225
"2030-04-03 02:31:00.675" 103.02672766330491 149795.17888973883 -45620.67448851405 36773.42914310046 slew "" "" "" "" ""
"2030-04-03 02:32:43.702" 900.0 149314.5669215688 -46861.208278269034 36828.2548183467 observe 284.5588465719934 -50.4533557624682 -95.306560138736 2671 225
"2030-04-03 02:47:43.702" 102.90993936001618 144681.8912480711 -57488.65520764546 37305.59019455842 slew "" "" "" "" ""
"2030-04-03 02:49:26.612" 900.0 144103.33507438764 -58678.431969002966 37359.986015048344 observe 282.1851036078784 -48.16853952989942 -93.62662666119115 2672 225
"2030-04-03 03:04:26.612" 104.86296364438294 138629.5838684851 -68839.73648069092 37834.06015022035 slew "" "" "" "" ""
"2030-04-03 03:06:11.475" 900.0 137944.4349786134 -69993.76908226304 37889.10257537084 observe 279.6612786182648 -50.695829708357955 -91.51977236965651 2651 225
"2030-04-03 03:21:11.475" 103.2100201125132 131672.30984612816 -79621.22029644945 38359.81633469296 slew "" "" "" "" ""
"2030-04-03 03:22:54.685" 900.0 130909.2319916123 -80692.21818263303 38413.60070188967 observe 277.4812237830658 -48.29261520252798 -90.11639637200435 2652 225
"2030-04-03 03:37:54.685" 104.70202025505507 123889.6162116243 -89724.03306183517 38880.86517400975 slew "" "" "" "" ""
"2030-04-03 03:39:39.387" 900.0 123031.56849755997 -90737.69478311205 38935.0199035909 observe 274.71520590716153 -50.67080236820505 -87.69365744166598 2632 225
"2030-04-03 03:54:39.387" 103.60968620944757 115317.93794234304 -99114.71114447598 39398.7335690967 slew "" "" "" "" ""
"2030-04-03 03:56:22.997" 900.0 114392.31306279378 -100039.29163690684 39451.90914218898 observe 276.8862701996599 -53.16784046161342 -89.06914137125443 2631 225
"2030-04-03 04:11:22.997" 103.69548541929464 106044.50968643952 -107708.85524728041 39911.9777231109 slew "" "" "" "" ""
"2030-04-03 04:13:06.692" 900.0 105048.61642594986 -108549.8166266714 39964.77161263119 observe 279.31896930171513 -55.64261543190818 -90.77382216886352 2630 225
"2030-04-03 04:28:06.692" 104.9954974689588 96129.772094558 -115463.73734646999 40421.09484737597 slew "" "" "" "" ""
"2030-04-03 04:29:51.688" 900.0 95058.57345463624 -116224.4371883446 40474.10747068814 observe 282.0773325608366 -53.073744434820014 -93.22442197377043 2650 225
"2030-04-03 04:44:51.688" 103.41302824550591 85634.93863572866 -122339.05771517257 40926.57848653573 slew "" "" "" "" ""
"2030-04-03 04:46:35.101" 900.0 84525.90349831207 -122994.29933281585 40978.343900994856 observe 284.7769252135035 -55.416276340798674 -95.27772863497826 2649 225
"2030-04-03 05:01:35.101" 105.13131002417157 74668.34261202057 -128274.09186750012 41426.865031528905 slew "" "" "" "" ""
"2030-04-03 05:03:20.232" 900.0 73494.35759069008 -128840.70878214722 41479.02263400306 observe 282.07315584175996 -58.08429186587732 -92.86729120490638 2629 225
"2030-04-03 05:18:20.232" 105.38964113884452 63275.02263902201 -133253.46614901643 41923.48129466973 slew "" "" "" "" ""
"2030-04-03 05:20:05.622" 900.0 62060.14894561694 -133718.37875620692 41975.2850058698 observe 276.2219060682474 -58.147280143655784 -87.89489799559543 2611 225
"2030-04-03 05:35:05.622" 104.1480295269998 51554.11667138821 -137239.34491275076 42415.57228149522 slew "" "" "" "" ""
"2030-04-03 05:36:49.770" 900.0 50324.81403908269 -137594.4814746472 42466.276959801675 observe 278.9922320660813 -60.69300557371815 -89.99138300145513 2610 225
"2030-04-03 05:51:49.770" 105.0813788383715 39609.125189911734 -140206.69575748476 42902.288389573936 slew "" "" "" "" ""
"2030-04-03 05:53:34.851" 900.0 38348.8429544244 -140458.06814309195 42952.941525185764 observe 275.435110302229 -63.22567051494399 -86.55302294924991 2591 225
"2030-04-03 06:08:34.851" 331.68837406893687 27501.15026616731 -142149.1543306301 43384.5614998876 slew "" "" "" "" ""
"2030-04-03 06:00:00.000" 1800.0 33717.00637342678 -141283.1101675295 43138.13764615373 downlink 181.6747898121264 -22.267245611467732 31.929795718542195 "" ""
"2030-04-03 06:30:00.000" 299.0793453189805 11937.295727307395 -143126.55812349447 43993.88382920989 slew "" "" "" "" ""
"2030-04-03 06:34:59.079" 900.0 8319.729523319103 -143111.78311594285 44134.47801474454 observe 296.17296972382695 -70.18095113871712 -104.99387775042675 2606 263
"2030-04-03 06:49:59.079" 104.34110025121711 -2517.8891740504655 -142518.96482432177 44554.75213356016 slew "" "" "" "" ""
"2030-04-03 06:51:43.420" 900.0 -3767.6948356950056 -142397.26566353752 44603.200905021666 observe 304.0690544863188 -69.10072670060035 -112.39247356595769 2624 263
"2030-04-03 07:06:43.420" 104.20333155760586 -14466.37539854707 -140895.2637213772 45018.684278398905 slew "" "" "" "" ""
"2030-04-03 07:08:27.624" 900.0 -15694.02187579802 -140669.3816478815 45066.50751444678 observe 311.04030809698907 -67.6819579655906 -118.86097220274266 2643 263
"2030-04-03 07:23:27.624" 104.05895840399845 -26177.895950860817 -138276.1609342659 45477.08059436824 slew "" "" "" "" ""
"2030-04-03 07:25:11.683" 900.0 -27374.691858908467 -137948.83793689968 45524.26285454606 observe 317.07272508554354 -65.99116849425853 -124.38276899388815 2663 263
"2030-04-03 07:40:11.683" 104.15693247578633 -37569.83877477565 -134688.6760068435 45929.804233736984 slew "" "" "" "" ""
"2030-04-03 07:41:55.840" 900.0 -38730.157993246554 -134262.35076218334 45976.4414274591 observe 323.7005388163275 -67.19890175129798 -130.88509776501687 2662 263
"2030-04-03 07:56:55.840" 106.27590945084486 -48565.03167371272 -130165.4409990576 46376.82655735623 slew "" "" "" "" ""
"2030-04-03 07:58:42.116" 900.0 -49702.251870138 -129633.56427220833 46423.79560833619 observe 322.23675007717475 -64.08780927130998 -129.02543282301355 2684 263
"2030-04-03 08:13:42.116" 103.90158030561862 -59107.302519325276 -124734.4347087637 46818.8872190316 slew "" "" "" "" ""
"2030-04-03 08:15:26.017" 900.0 -60165.71916813824 -124124.25417465731 46864.18916881025 observe 316.5001103668845 -62.83725283927151 -123.40951465351297 2685 263
"2030-04-03 08:30:26.017" 103.723587367517 -69076.78067048466 -118466.63065217347 47253.87176151031 slew "" "" "" "" ""
"2030-04-03 08:32:09.741" 900.0 -70072.85638059565 -117772.70754348968 47298.46533921821 observe 311.2932440862228 -61.38037215141619 -118.38818384822058 2686 263
"2030-04-03 08:47:09.741" 106.17731798891998 -78428.82512514826 -111403.80386444676 47682.61017523177 slew "" "" "" "" ""
"2030-04-03 08:48:55.918" 900.0 -79379.45045860331 -110612.43693311929 47727.596819028644 observe 311.53107061049036 -58.21798186800453 -118.12950502637976 2703 263
"2030-04-03 09:03:55.918" 104.47269432200386 -87121.90369718113 -103582.73464153113 48106.0583187437 slew "" "" "" "" ""
"2030-04-03 09:05:40.391" 900.0 -87982.98468536942 -102730.64668343533 48149.65582351992 observe 306.60014930271694 -59.75121763978504 -113.94476369290926 2687 263
"2030-04-03 09:20:40.391" 104.62394352065935 -95060.71532096928 -95097.99491619498 48522.309895422484 slew "" "" "" "" ""
"2030-04-03 09:22:25.015" 900.0 -95842.92929713862 -94178.04027656071 48565.28752074523 observe 301.15388703031846 -61.0521722253175 -109.23232396611112 2666 263
"2030-04-03 09:37:25.015" 103.70250885916917 -102208.73561239967 -86003.19786413632 48931.997830589906 slew "" "" "" "" ""
