initial-survey.ecsv
# %ECSV 1.0
# ---
# datatype:
# - {name: start_time, datatype: string}
# - {name: duration, unit: s, datatype: float64}
# - {name: observer_location.x, unit: km, datatype: float64}
# - {name: observer_location.y, unit: km, datatype: float64}
# - {name: observer_location.z, unit: km, datatype: float64}
# - {name: action, datatype: string}
# - {name: target_coord.ra, unit: deg, datatype: float64}
# - {name: target_coord.dec, unit: deg, datatype: float64}
# - {name: roll, unit: deg, datatype: float64}
# - {name: field_id, datatype: int64}
# - {name: block_id, datatype: int64}
# meta: !!omap
# - __serialized_columns__:
#     duration:
#       __class__: astropy.units.quantity.Quantity
#       unit: !astropy.units.Unit {unit: s}
#       value: !astropy.table.SerializedColumn {name: duration}
#     observer_location:
#       __class__: astropy.coordinates.earth.EarthLocation
#       ellipsoid: WGS84
#       x: !astropy.table.SerializedColumn
#         __class__: astropy.units.quantity.Quantity
#         unit: &id001 !astropy.units.Unit {unit: km}
#         value: !astropy.table.SerializedColumn
#           __class__: astropy.utils.masked.core.MaskedNDArray
#           data: !astropy.table.SerializedColumn {name: observer_location.x}
#       y: !astropy.table.SerializedColumn
#         __class__: astropy.units.quantity.Quantity
#         unit: *id001
#         value: !astropy.table.SerializedColumn
#           __class__: astropy.utils.masked.core.MaskedNDArray
#           data: !astropy.table.SerializedColumn {name: observer_location.y}
#       z: !astropy.table.SerializedColumn
#         __class__: astropy.units.quantity.Quantity
#         unit: *id001
#         value: !astropy.table.SerializedColumn
#           __class__: astropy.utils.masked.core.MaskedNDArray
#           data: !astropy.table.SerializedColumn {name: observer_location.z}
#     roll:
#       __class__: astropy.units.quantity.Quantity
#       unit: &id002 !astropy.units.Unit {unit: deg}
#       value: !astropy.table.SerializedColumn
#         __class__: astropy.utils.masked.core.MaskedNDArray
#         data: !astropy.table.SerializedColumn {name: roll}
#     start_time:
#       __class__: astropy.time.core.Time
#       format: iso
#       in_subfmt: '*'
#       out_subfmt: '*'
#       precision: 3
#       scale: utc
#       value: !astropy.table.SerializedColumn {name: start_time}
#     target_coord:
#       __class__: astropy.coordinates.sky_coordinate.SkyCoord
#       dec: !astropy.table.SerializedColumn
#         __class__: astropy.coordinates.angles.core.Latitude
#         unit: *id002
#         value: !astropy.table.SerializedColumn
#           __class__: astropy.utils.masked.core.MaskedNDArray
#           data: !astropy.table.SerializedColumn {name: target_coord.dec}
#       frame: icrs
#       ra: !astropy.table.SerializedColumn
#         __class__: astropy.coordinates.angles.core.Longitude
#         unit: *id002
#         value: !astropy.table.SerializedColumn
#           __class__: astropy.utils.masked.core.MaskedNDArray
#           data: !astropy.table.SerializedColumn {name: target_coord.ra}
#         wrap_angle: !astropy.coordinates.Angle
#           unit: *id002
#           value: 360.0
#       representation_type: unitspherical
# schema: astropy-2.0
start_time duration observer_location.x observer_location.y observer_location.z action target_coord.ra target_coord.dec roll field_id block_id
[from data line 1812]
"2030-01-11 23:54:25.363" 900.0 -256592.06458043377 86352.18490891592 -75080.21804087222 observe 11.72586365472136 38.04364279246951 66.13611160233425 1503 48
"2030-01-12 00:09:25.363" 380.04829606924056 -249814.11510004028 103575.49397264868 -74552.09899461066 slew "" "" "" "" ""
"2030-01-12 00:00:00.000" 1800.0 -254209.1164420189 92812.01207001324 -74883.97997663693 downlink 229.35725857760607 2.5645850497877736 -65.01354634507368 "" ""
"2030-01-12 00:30:00.000" 404.13753496845464 -238644.06471747765 126338.65072566387 -73825.85709598845 slew "" "" "" "" ""
"2030-01-12 00:36:44.138" 900.0 -234532.61383029254 133542.9129327288 -73587.69328865355 observe 33.819302169566456 -46.341370513200495 67.4014157628619 2054 251
"2030-01-12 00:51:44.138" 104.48051086565073 -224600.44723084336 149098.27511193525 -73056.53174588246 slew "" "" "" "" ""
"2030-01-12 00:53:28.618" 900.0 -223379.6675261155 150857.991415579 -72994.79992043185 observe 29.52557507050773 -46.44998308211936 70.34122850932462 2073 251
"2030-01-12 01:08:28.618" 104.57659183275365 -212300.40366036128 165591.6747236167 -72462.44096499242 slew "" "" "" "" ""
"2030-01-12 01:10:13.195" 900.0 -210949.00479309945 167252.524733586 -72400.51344227098 observe 25.214969541812323 -46.38409936857369 73.23949601141689 2092 251
"2030-01-12 01:25:13.195" 103.75992814990369 -198789.94199583755 181079.9757415445 -71866.96064437239 slew "" "" "" "" ""
"2030-01-12 01:26:56.955" 900.0 -197328.78960055954 182618.76603231998 -71805.37936194721 observe 27.035503366218023 -43.858739353909264 71.47552651332896 2091 251
"2030-01-12 01:41:56.955" 104.84072654915326 -184164.33656674347 195461.82710224972 -71270.63742166251 slew "" "" "" "" ""
"2030-01-12 01:43:41.795" 900.0 -182575.303273158 196897.54728878613 -71208.27630977273 observe 22.875366832456155 -43.72169217332085 74.10823746015566 2111 251
"2030-01-12 01:58:41.795" 103.58437411911703 -168483.76305357082 208682.11335902763 -70672.34773045065 slew "" "" "" "" ""
"2030-01-12 02:00:25.380" 900.0 -166811.91407264335 209974.9248615029 -70610.59764932004 observe 24.701881961690756 -41.259294059293026 72.38145299383056 2110 251
"2030-01-12 02:15:25.380" 104.99544027576192 -151879.0048551485 220635.72584363152 -70073.48774350257 slew "" "" "" "" ""
"2030-01-12 02:17:10.375" 900.0 -150091.28870721694 221811.33430715094 -70010.75879226829 observe 28.73343922253213 -41.29654774735069 69.92928799980037 2090 251
"2030-01-12 02:32:10.375" 103.86313818883818 -134405.29349018465 231286.84566641267 -69472.4697845563 slew "" "" "" "" ""
"2030-01-12 02:33:54.238" 900.0 -132555.32930815552 232309.8858186895 -69410.28155132718 observe 30.326653920277487 -38.70105362991787 68.58329922067924 2089 251
"2030-01-12 02:48:54.238" 103.93201904195233 -116210.71450064526 240548.6377202308 -68870.81870356045 slew "" "" "" "" ""
"2030-01-12 02:50:38.170" 900.0 -114289.01682289259 241426.7717952521 -68808.45389714607 observe 31.830314811476104 -36.07547309836032 67.42315027723666 2088 251
"2030-01-12 03:05:38.170" 105.19420912411893 -97382.9920511944 248383.27455020824 -68267.82111279624 slew "" "" "" "" ""
"2030-01-12 03:07:23.364" 900.0 -95378.1170265991 249119.7527061549 -68204.56232863353 observe 35.59511320825883 -35.77851469403149 65.28948993075248 2069 251
"2030-01-12 03:22:23.364" 104.18926838903991 -78010.52431317604 254754.54808887249 -67662.76218200468 slew "" "" "" "" ""
"2030-01-12 03:24:07.554" 900.0 -75977.31769723874 255329.17788059547 -67599.972884353 observe 34.2112675371889 -38.48793532415965 66.27272969918309 2070 251
"2030-01-12 03:39:07.554" 104.10425091725094 -58251.58446437738 259613.6236127903 -67057.01063857847 slew "" "" "" "" ""
"2030-01-12 03:40:51.658" 900.0 -56184.64422347357 260030.17794582096 -66994.1383994028 observe 32.74842354387006 -41.17165629784476 67.43316052610211 2071 251
"2030-01-12 03:55:51.658" 104.02767826828028 -38205.59489244473 262942.4510809892 -66450.01830190833 slew "" "" "" "" ""
"2030-01-12 03:57:35.686" 900.0 -36117.00778740109 263199.1531541548 -66387.0587229599 observe 31.192214265973078 -43.826729817008996 68.7839224804936 2072 251
"2030-01-12 04:12:35.686" 104.65992275590463 -17990.70941651542 264725.54267834395 -65841.78506710505 slew "" "" "" "" ""
"2030-01-12 04:14:20.346" 900.0 -15878.500935993536 264822.11302743864 -65778.30890026203 observe 35.31940177787457 -43.62813222936576 66.06475703284833 2053 251
"2030-01-12 04:29:20.346" 104.25333723356572 2288.3526584800943 264956.11166731 -65231.885226533785 slew "" "" "" "" ""
"2030-01-12 04:31:04.599" 900.0 4390.861886410722 264891.0481270051 -65168.522715242 observe 36.72439609947615 -40.88788999747933 64.92060946263011 2052 251
"2030-01-12 04:46:04.599" 104.34687877504224 22491.487928329512 263635.7963050025 -64620.9538140721 slew "" "" "" "" ""
"2030-01-12 04:47:48.946" 900.0 24582.034969631983 263410.0700834254 -64557.40191877063 observe 38.049828446900015 -38.123446701421926 63.95473817514517 2051 251
"2030-01-12 05:02:48.946" 105.26044845610325 42510.28718520065 260776.1949719237 -64008.6920690564 slew "" "" "" "" ""
"2030-01-12 05:04:34.206" 900.0 44592.79912576414 260388.13586200835 -63944.45052678632 observe 40.640358147704035 -40.45003812476771 62.416916113322074 2034 251
"2030-01-12 05:19:34.206" 104.48284858593205 62243.47853398092 256393.2692681276 -63394.60314503187 slew "" "" "" "" ""
"2030-01-12 05:21:18.689" 900.0 64272.3678356031 255851.55206254125 -63330.7044336836 observe 39.392173809258054 -43.267211391720124 63.34729642010733 2035 251
"2030-01-12 05:36:18.689" 104.37986889918147 81542.58644036611 250523.60140971327 -62779.72491504645 slew "" "" "" "" ""
"2030-01-12 05:38:03.069" 900.0 83519.47002373783 249829.68607313558 -62715.75815159642 observe 38.06666797439779 -46.061792797772966 64.45401007347837 2036 251
"2030-01-12 05:53:03.069" 104.28465822927429 100308.69025934873 243203.43228340044 -62163.65119083512 slew "" "" "" "" ""
"2030-01-12 05:54:47.354" 900.0 102222.32889232118 242362.0297795632 -62099.6124102753 observe 36.647569172705595 -48.83123072041644 65.75193166502191 2037 251
"2030-01-12 06:09:47.354" 399.114509240115 118433.09850008649 234479.8138673334 -61546.38275962055 slew "" "" "" "" ""
"2030-01-12 06:00:00.000" 1800.0 107916.8705348567 239749.29876178034 -61907.542640811895 downlink 226.02146088906554 5.715654910684829 -64.80883814970511 "" ""
"2030-01-12 06:30:00.000" 425.2416617261757 139315.80403299985 222153.76926834785 -60799.385463681145 slew "" "" "" "" ""
"2030-01-12 06:37:05.242" 900.0 146348.74588298993 217385.85236474904 -60537.00499793127 observe 36.91221335139475 -33.046186982702146 64.65258390344545 2068 23
"2030-01-12 06:52:05.242" 104.37928941347477 160689.06362387454 206566.2770890475 -59980.95941627589 slew "" "" "" "" ""
"2030-01-12 06:53:49.621" 900.0 162302.07246600636 205249.2366990475 -59916.40670784574 observe 38.17316720631603 -30.293635083561295 63.98731320395489 2067 23
"2030-01-12 07:08:49.621" 104.48145398737891 175752.58680545687 193378.73307829304 -59359.25528494347 slew "" "" "" "" ""
"2030-01-12 07:10:34.102" 900.0 177259.3045335189 191942.50333138293 -59294.511296765995 observe 39.387289303143845 -27.523459212924635 63.4734944728919 2066 23
"2030-01-12 07:25:34.102" 104.5111437784976 189743.0356411817 179093.5992872685 -58736.25889828363 slew "" "" "" "" ""
"2030-01-12 07:27:18.614" 900.0 191133.67898286102 177547.78934158324 -58671.36895343016 observe 41.66991171883515 -29.711157519552632 62.20132908794555 2048 23
"2030-01-12 07:42:18.614" 104.77705851001255 202579.59241365004 163798.7126499544 -58112.02060473212 slew "" "" "" "" ""
"2030-01-12 07:44:03.391" 900.0 203849.04942144066 162148.92442091423 -58046.83824748018 observe 42.7903252865269 -26.875785836857972 61.85085208341275 2047 23
"2030-01-12 07:59:03.391" 104.897719207796 214192.13874567562 147582.86843743303 -57486.39880010873 slew "" "" "" "" ""
"2030-01-12 08:00:48.288" 900.0 215331.00213427324 145841.00628749013 -57421.01450376512 observe 43.88113754724151 -24.02881720756734 61.64234033485427 2046 23
"2030-01-12 08:15:48.288" 104.1087586008969 224513.06077091824 130545.97029947278 -56859.48905405083 slew "" "" "" "" ""
"2030-01-12 08:17:32.397" 900.0 225506.0252093778 128738.17542224105 -56794.471258476406 observe 41.707628436182276 -21.9402890093662 62.881061423120514 2064 23
"2030-01-12 08:32:32.397" 104.70260750334367 233476.9556313145 112806.83319084371 -56231.865967070364 slew "" "" "" "" ""
"2030-01-12 08:34:17.100" 900.0 234331.96424182417 110920.1839595313 -56166.35195265831 observe 40.562910330378074 -24.73818970530186 63.105990752028134 2065 23
"2030-01-12 08:49:17.100" 104.1457213565703 241047.30807415885 94447.8553084199 -55602.67158060813 slew "" "" "" "" ""
"2030-01-12 08:51:01.245" 900.0 241750.2820158199 92514.31480048638 -55537.38196314385 observe 38.40667608487222 -22.596417783387604 64.21462326316531 2083 23
"2030-01-12 09:06:01.245" 104.38491725403247 247174.54763811274 75599.91602258576 -54972.63259472902 slew "" "" "" "" ""
"2030-01-12 09:07:45.630" 900.0 247727.58144910965 73616.47448135875 -54907.0693453772 observe 37.185468148424164 -25.330080877049863 64.59100394694927 2084 23
"2030-01-12 09:22:45.630" 104.21477814767452 251832.00263405574 56360.905100921824 -54341.256309035656 slew "" "" "" "" ""
"2030-01-12 09:24:29.845" 900.0 252229.9811000799 54347.11764984483 -54275.677093440856 observe 35.05380138623957 -23.136380275399933 65.56164456705746 2103 23
"2030-01-12 09:39:29.845" 104.068454417694 254994.20908512484 36853.2018694085 -53708.806248543755 slew "" "" "" "" ""
"2030-01-12 09:41:13.914" 900.0 255235.7973319109 34820.67521787724 -53643.1971350677 observe 33.75736666313698 -25.79976211889455 66.08386799545025 2104 23
"2030-01-12 09:56:13.914" 104.31667661034226 256647.44698002306 17192.343833231644 -53075.27441273876 slew "" "" "" "" ""
"2030-01-12 09:57:58.230" 900.0 256732.40762880482 15145.436929235453 -53009.387213008486 observe 31.65707783158945 -23.556004939391055 66.90842435204824 2124 23
"2030-01-12 10:12:58.230" 103.74942257479262 256786.6063487555 -2512.874994575168 -52440.418234398 slew "" "" "" "" ""
"2030-01-12 10:14:41.980" 900.0 256714.7222345491 -4546.085137740289 -52374.76908417334 observe 30.28810756663541 -26.14303641942916 67.56954781591438 2125 23
"2030-01-12 10:29:41.980" 103.66663588343789 255415.75073626218 -22130.048546911803 -51804.76042211601 slew "" "" "" "" ""
"2030-01-12 10:31:25.646" 900.0 255188.58360863721 -24147.08935555085 -51739.04425397503 observe 28.86800444586759 -28.705754331484897 68.38071464185258 2126 23
"2030-01-12 10:46:25.646" 104.85823572469792 252548.07276272593 -41553.14057170948 -51168.002081564766 slew "" "" "" "" ""
"2030-01-12 10:48:10.505" 900.0 252162.8889621945 -43566.63198088552 -51101.410411118726 observe 31.020027971776535 -31.063143385768306 67.57836402361771 2106 23
"2030-01-12 11:03:10.505" 103.89134002944084 248198.72169378484 -60692.126466065456 -50529.339710099426 slew "" "" "" "" ""
"2030-01-12 11:04:54.396" 900.0 247665.80017909623 -62648.8415944256 -50463.24377185888 observe 32.41550749932586 -28.442893952922777 66.75423157418534 2105 23
"2030-01-12 11:19:54.396" 105.58744741937443 242406.50645660522 -79393.62475636767 -49890.1518490051 slew "" "" "" "" ""
"2030-01-12 11:21:39.983" 900.0 241714.72179457403 -81331.77976999982 -49822.85730825726 observe 35.92564652585076 -28.047422575232687 65.1129420691979 2085 23
"2030-01-12 11:36:39.983" 104.18716360636199 235193.0643528613 -97597.09977311872 -49248.7488851005 slew "" "" "" "" ""
"2030-01-12 11:38:24.170" 900.0 234366.73753628085 -99448.52763754426 -49182.22957970601 observe 34.619233541744784 -30.745875724728492 65.78523751854821 2086 23
"2030-01-12 11:53:24.170" 104.09692735845816 226626.7844034237 -115140.1625581897 -48607.1126301922 slew "" "" "" "" ""
"2030-01-12 11:55:08.267" 900.0 225662.9972371495 -116918.29185073462 -48540.534676596595 observe 33.257419592220565 -33.422801017930766 66.61411706982716 2087 23
"2030-01-12 12:10:08.267" 426.63460652127435 216754.26191437125 -131945.13538337543 -47964.41596662484 slew "" "" "" "" ""
"2030-01-12 12:00:00.000" 1800.0 222887.65660714105 -121858.3729400934 -48353.88539970287 downlink 222.19879146264734 8.788033275722622 -65.0597519514457 "" ""
"2030-01-12 12:30:00.000" 389.76840419444756 203427.1436758491 -150800.89357696398 -47200.178071139126 slew "" "" "" "" ""
"2030-01-12 12:36:29.768" 900.0 198707.3362731638 -156686.96085909114 -46949.88891484668 observe 24.05142821817296 -59.382350613731234 78.28924152715851 2059 249
"2030-01-12 12:51:29.768" 103.95726425158063 187164.75061286634 -169707.80151031943 -46371.32391796014 slew "" "" "" "" ""
"2030-01-12 12:53:13.726" 900.0 185775.46307894556 -171158.52039783553 -46304.43840732535 observe 26.41860511513394 -56.85837665986826 75.59333231653942 2058 249
"2030-01-12 13:08:13.726" 103.64932024033192 173286.27678200297 -183233.9505979262 -45724.895946830125 slew "" "" "" "" ""
"2030-01-12 13:09:57.375" 900.0 171796.43697861923 -184567.44774301385 -45658.09642754473 observe 21.27053118999336 -56.546438599569164 79.60283451058137 2077 249
"2030-01-12 13:24:57.375" 103.87218720547514 158437.8015379278 -195629.1291551808 -45077.58405498024 slew "" "" "" "" ""
"2030-01-12 13:26:41.247" 900.0 156849.03709736853 -196844.76148022377 -45010.5293737585 observe 23.63468838971154 -54.09126680371227 76.95076371497939 2076 249
"2030-01-12 13:41:41.247" 103.99510017100438 142702.6005543049 -206830.04271124367 -44429.05426466856 slew "" "" "" "" ""
"2030-01-12 13:43:25.242" 900.0 141025.8307576752 -207919.37691116976 -44361.80941852641 observe 18.783186363025 -53.696213950207074 80.54966281320348 2095 249
"2030-01-12 13:58:25.242" 103.75871910775228 126177.82968882745 -216772.25629071266 -43779.37898907594 slew "" "" "" "" ""
"2030-01-12 14:00:09.001" 900.0 124429.1350987155 -217725.62713103497 -43712.17730690842 observe 21.116882096347428 -51.30783832510103 77.970088416952 2094 249
"2030-01-12 14:15:09.001" 103.74575610731192 108969.98365354646 -225397.40924936067 -43128.79945744279 slew "" "" "" "" ""
"2030-01-12 14:16:52.747" 900.0 107156.39860106498 -226211.97175835544 -43061.49740787982 observe 23.250582683465932 -48.868659105762305 75.6865368979055 2093 249
"2030-01-12 14:31:52.747" 106.75588104895252 91179.73366146277 -232660.88340099962 -42477.17997146491 slew "" "" "" "" ""
"2030-01-12 14:33:39.503" 900.0 89257.74060066411 -233351.62193097037 -42407.814043262486 observe 25.77455974612472 -51.5865593064687 74.61876480309739 2075 249
"2030-01-12 14:48:39.503" 103.88930590882482 72858.90011653712 -238539.45964492817 -41822.56220838538 slew "" "" "" "" ""
"2030-01-12 14:50:23.392" 900.0 70945.53090674999 -239064.59771944242 -41754.95163311573 observe 27.727996427247437 -49.03791652849423 72.56880514519024 2074 249
"2030-01-12 15:05:23.392" 104.2890383839811 54224.584900096575 -242968.1206236286 -41168.7761967498 slew "" "" "" "" ""
"2030-01-12 15:07:07.681" 900.0 52272.314954525056 -243345.18045655027 -41100.79890970333 observe 32.205283022261376 -49.024595737875266 69.3924826634762 2055 249
"2030-01-12 15:22:07.681" 106.21381142631824 35329.56944540869 -245944.81441633072 -40513.70778890908 slew "" "" "" "" ""
"2030-01-12 15:23:53.895" 900.0 33321.05427417036 -246173.996214099 -40444.368231458044 observe 35.11478639688122 -51.57281526193429 67.7178591150386 2038 249
"2030-01-12 15:38:53.895" 103.9746159789407 16257.872371342637 -247455.98622571994 -39856.3681401717 slew "" "" "" "" ""
"2030-01-12 15:40:37.869" 900.0 14283.697047320578 -247527.9446521821 -39788.38599738837 observe 30.45424518867432 -51.67448512508418 71.18608909696279 2056 249
"2030-01-12 15:55:37.869" 103.99767452322038 -2797.6763217187245 -247491.88925415472 -39199.487567929405 slew "" "" "" "" ""
