initial-survey.ecsv
# %ECSV 1.0
# ---
# datatype:
# - {name: start_time, datatype: string}
# - {name: duration, unit: s, datatype: float64}
# - {name: observer_location.x, unit: km, datatype: float64}
# - {name: observer_location.y, unit: km, datatype: float64}
# - {name: observer_location.z, unit: km, datatype: float64}
# - {name: action, datatype: string}
# - {name: target_coord.ra, unit: deg, datatype: float64}
# - {name: target_coord.dec, unit: deg, datatype: float64}
# - {name: roll, unit: deg, datatype: float64}
# - {name: field_id, datatype: int64}
# - {name: block_id, datatype: int64}
# meta: !!omap
# - __serialized_columns__:
#     duration:
#       __class__: astropy.units.quantity.Quantity
#       unit: !astropy.units.Unit {unit: s}
#       value: !astropy.table.SerializedColumn {name: duration}
#     observer_location:
#       __class__: astropy.coordinates.earth.EarthLocation
#       ellipsoid: WGS84
#       x: !astropy.table.SerializedColumn
#         __class__: astropy.units.quantity.Quantity
#         unit: &id001 !astropy.units.Unit {unit: km}
#         value: !astropy.table.SerializedColumn
#           __class__: astropy.utils.masked.core.MaskedNDArray
#           data: !astropy.table.SerializedColumn {name: observer_location.x}
#       y: !astropy.table.SerializedColumn
#         __class__: astropy.units.quantity.Quantity
#         unit: *id001
#         value: !astropy.table.SerializedColumn
#           __class__: astropy.utils.masked.core.MaskedNDArray
#           data: !astropy.table.SerializedColumn {name: observer_location.y}
#       z: !astropy.table.SerializedColumn
#         __class__: astropy.units.quantity.Quantity
#         unit: *id001
#         value: !astropy.table.SerializedColumn
#           __class__: astropy.utils.masked.core.MaskedNDArray
#           data: !astropy.table.SerializedColumn {name: observer_location.z}
#     roll:
#       __class__: astropy.units.quantity.Quantity
#       unit: &id002 !astropy.units.Unit {unit: deg}
#       value: !astropy.table.SerializedColumn
#         __class__: astropy.utils.masked.core.MaskedNDArray
#         data: !astropy.table.SerializedColumn {name: roll}
#     start_time:
#       __class__: astropy.time.core.Time
#       format: iso
#       in_subfmt: '*'
#       out_subfmt: '*'
#       precision: 3
#       scale: utc
#       value: !astropy.table.SerializedColumn {name: start_time}
#     target_coord:
#       __class__: astropy.coordinates.sky_coordinate.SkyCoord
#       dec: !astropy.table.SerializedColumn
#         __class__: astropy.coordinates.angles.core.Latitude
#         unit: *id002
#         value: !astropy.table.SerializedColumn
#           __class__: astropy.utils.masked.core.MaskedNDArray
#           data: !astropy.table.SerializedColumn {name: target_coord.dec}
#       frame: icrs
#       ra: !astropy.table.SerializedColumn
#         __class__: astropy.coordinates.angles.core.Longitude
#         unit: *id002
#         value: !astropy.table.SerializedColumn
#           __class__: astropy.utils.masked.core.MaskedNDArray
#           data: !astropy.table.SerializedColumn {name: target_coord.ra}
#         wrap_angle: !astropy.coordinates.Angle
#           unit: *id002
#           value: 360.0
#       representation_type: unitspherical
# schema: astropy-2.0
start_time duration observer_location.x observer_location.y observer_location.z action target_coord.ra target_coord.dec roll field_id block_id
[from data line 4867]
"2030-02-08 06:52:18.111" 107.49665614997195 226689.18476900613 47419.493592371335 -23952.08504288911 slew "" "" "" "" ""
"2030-02-08 06:54:05.608" 900.0 227012.98886685332 45526.363506928574 -23880.6651370801 observe 101.74907728805296 18.95731894272624 89.48965060900436 750 128
"2030-02-08 07:09:05.608" 108.83267922635204 229101.67373368755 29604.004851682486 -23282.381346425398 slew "" "" "" "" ""
"2030-02-08 07:10:54.441" 900.0 229278.72752190102 27672.007145069707 -23209.99396602485 observe 104.1728782404856 17.338638346532242 88.03772398569437 731 128
"2030-02-08 07:25:54.441" 108.07856939574472 230117.210534349 11671.685865277126 -22611.05626132587 slew "" "" "" "" ""
"2030-02-08 07:27:42.519" 900.0 230142.82639458682 9749.598972803204 -22539.09277132479 observe 101.16898534487956 16.065097594233073 85.71698834936481 751 128
"2030-02-08 07:42:42.519" 108.3800440961941 229732.23540090068 -6230.7439508350735 -21939.515215907613 slew "" "" "" "" ""
"2030-02-08 07:44:30.899" 900.0 229607.81164284714 -8149.906826607125 -21867.27475545774 observe 98.7144707877308 17.656645769061846 87.07305310151206 771 128
"2030-02-08 07:59:30.899" 113.54973843699045 227955.62395973623 -24012.85162503136 -21267.0710085929 slew "" "" "" "" ""
"2030-02-08 08:01:24.449" 900.0 227669.0447991917 -26002.57089245746 -21191.30638452122 observe 98.16753156873494 14.798828374948421 83.7482448103824 772 128
"2030-02-08 08:16:24.449" 109.12904385287804 224784.4656147726 -41650.42205868023 -20590.487479738174 slew "" "" "" "" ""
"2030-02-08 08:18:13.578" 900.0 224361.1924546191 -43530.84248391146 -20517.598954063054 observe 100.61630012878632 13.179090713460614 82.14036832097898 752 128
"2030-02-08 08:33:13.578" 107.16026042622724 220272.61688460308 -58869.507794559715 -19916.182051553566 slew "" "" "" "" ""
"2030-02-08 08:35:00.738" 900.0 219715.4284265766 -60673.678279088206 -19844.538236613414 observe 103.58899696237175 14.420054126443256 83.97054648751855 732 128
"2030-02-08 08:50:00.738" 116.24415298673776 214455.41432519766 -75611.46120042444 -19242.539201641634 slew "" "" "" "" ""
"2030-02-08 08:51:56.983" 900.0 213701.294020022 -77510.66831541553 -19164.74763883824 observe 103.03506400725162 11.506732695974625 80.13944673086888 733 128
"2030-02-08 09:06:56.983" 106.82935181968897 207297.05775420452 -91953.34089151624 -18562.17641086697 slew "" "" "" "" ""
"2030-02-08 09:08:43.812" 900.0 206471.33971297066 -93635.01242135567 -18490.61861736827 observe 105.97757742363126 12.725363624181432 81.78648885572888 714 128
"2030-02-08 09:23:43.812" 107.45796660791301 198977.7741890102 -107500.77013032921 -17887.495854401564 slew "" "" "" "" ""
"2030-02-08 09:25:31.270" 900.0 198019.99772754018 -109118.45035157025 -17815.45204757502 observe 108.91543528065549 13.953518496306966 83.78147902846351 695 128
"2030-02-08 09:40:31.270" 112.41281971038518 189487.09833076966 -122324.74054967784 -17211.79302143062 slew "" "" "" "" ""
"2030-02-08 09:42:23.683" 900.0 188358.47566565624 -123929.4620556172 -17136.361145908122 observe 106.56054908374223 15.669479638636771 86.15498769356836 713 128
"2030-02-08 09:57:23.683" 108.92489280308124 178838.45013109528 -136394.61955715666 -16532.179281417546 slew "" "" "" "" ""
"2030-02-08 09:59:12.608" 900.0 177629.29460540062 -137855.46398997048 -16459.02570975833 observe 109.53224060691973 16.924372433349138 88.77306275804155 694 128
"2030-02-08 10:14:12.608" 111.07313554253534 167188.57466938865 -149508.69968524296 -15854.339159016368 slew "" "" "" "" ""
"2030-02-08 10:16:03.681" 900.0 165845.95028628266 -150893.73839779285 -15779.681506926316 observe 107.1808595825049 18.61639321598529 90.78184030785474 712 128
"2030-02-08 10:31:03.681" 110.6933923076734 154551.17171690144 -161665.193931389 -15174.505910899656 slew "" "" "" "" ""
"2030-02-08 10:32:54.374" 900.0 153112.55192075844 -162933.11019026604 -15100.044408241887 observe 110.19438246671547 19.89556718540863 94.0410958818151 693 128
"2030-02-08 10:47:54.374" 109.44699680574666 141037.69467931872 -172760.68062058534 -14494.397022851565 slew "" "" "" "" ""
"2030-02-08 10:49:43.821" 900.0 139525.13490838386 -173896.06672290032 -14420.717661979976 observe 107.84467089219353 21.56431827061567 95.62542767539905 711 128
"2030-02-08 11:04:43.821" 110.61194854163298 126749.21673688722 -182724.69380594036 -13814.61646188822 slew "" "" "" "" ""
"2030-02-08 11:06:34.433" 900.0 125139.32033032927 -183746.1322038316 -13740.098136960947 observe 104.791854727234 20.2608314786086 92.31412081241703 730 128
"2030-02-08 11:21:34.433" 107.70814864805787 111743.72500361508 -191524.8023628555 -13133.560374098859 slew "" "" "" "" ""
"2030-02-08 11:23:22.141" 900.0 110107.09377070094 -192391.24713550156 -13060.94721970872 observe 102.36169874154997 21.85421378678051 93.43457961398188 749 128
"2030-02-08 11:38:22.141" 106.50375661531797 96178.99703668896 -199079.9854425576 -12453.992227508623 slew "" "" "" "" ""
"2030-02-08 11:40:08.645" 900.0 94502.853617581 -199805.57955661 -12382.142770735732 observe 99.88703085721083 23.393101728329366 94.19650660744819 769 128
"2030-02-08 11:55:08.645" 430.90403089997335 80130.96604541174 -205369.73597030135 -11774.789444463793 slew "" "" "" "" ""
"2030-02-08 12:00:00.000" 1800.0 75406.22065101781 -206951.23782180363 -11578.098637104527 downlink 204.5606203205071 8.283433065682594 -77.3483947385044 "" ""
"2030-02-08 12:30:00.000" 230.45885820121083 45623.22006230032 -214291.11734735523 -10362.177571135175 slew "" "" "" "" ""
"2030-02-08 12:33:50.459" 900.0 41754.74816628499 -214925.32310424754 -10206.409369610967 observe 180.27337876663776 -19.17524066261495 -50.59061028723049 4717 211
"2030-02-08 12:48:50.459" 106.77225101823657 26578.350945680482 -216731.6515148497 -9597.909115783597 slew "" "" "" "" ""
"2030-02-08 12:50:37.231" 900.0 24772.883568239784 -216874.97946643527 -9525.700003210093 observe 177.1422688378891 -18.71195676968663 -48.2384400391448 4702 211
"2030-02-08 13:05:37.231" 107.27168934599915 9541.930336922087 -217484.40859036785 -8916.882852473653 slew "" "" "" "" ""
"2030-02-08 13:07:24.503" 900.0 7727.137509128516 -217485.69778629407 -8844.299406814796 observe 174.03994211364954 -18.224385989341968 -45.72582353421381 4688 211
"2030-02-08 13:22:24.503" 106.44604715609655 -7464.11320407146 -216899.7390158601 -8235.18569632856 slew "" "" "" "" ""
"2030-02-08 13:24:10.949" 900.0 -9254.691801544768 -216760.1183821627 -8163.12707424418 observe 175.0560777250722 -21.05746820683769 -44.83090769516367 4701 211
"2030-02-08 13:39:10.949" 107.77883887657039 -24312.709400657637 -214989.25715725697 -7553.737948037982 slew "" "" "" "" ""
"2030-02-08 13:40:58.728" 900.0 -26104.17840088766 -214706.76837005056 -7480.745359380257 observe 171.8936173308283 -20.550353710588883 -42.05528453766452 4687 211
"2030-02-08 13:55:58.728" 105.82648668033609 -40936.289049618645 -211766.28955116204 -6871.101822942242 slew "" "" "" "" ""
"2030-02-08 13:57:44.554" 900.0 -42663.40454011027 -211352.80200375806 -6799.40284010491 observe 172.86731513854545 -23.363266985088355 -41.326028841038266 4700 211
"2030-02-08 14:12:44.554" 108.23029488004133 -57179.53747246775 -207268.97254157753 -6189.527152419625 slew "" "" "" "" ""
"2030-02-08 14:14:32.784" 900.0 -58902.48139948479 -206710.1701550469 -6116.17293292152 observe 169.6427456402688 -22.831436087854367 -38.301358555203954 4686 211
"2030-02-08 14:29:32.784" 105.21068329762095 -73013.48442017235 -201511.3556412212 -5506.086816608829 slew "" "" "" "" ""
"2030-02-08 14:31:17.995" 900.0 -74636.02257029897 -200840.08481049552 -5434.755926249192 observe 170.56625039207893 -25.622074309434574 -37.72968965471225 4699 211
"2030-02-08 14:46:17.995" 108.61421751020521 -88257.88440004442 -194567.40874969668 -4824.4826769815645 slew "" "" "" "" ""
"2030-02-08 14:48:06.609" 900.0 -89868.7640496004 -193747.16443817536 -4750.82302146474 observe 167.2778857292497 -25.06001290767192 -34.47256759534968 4685 211
"2030-02-08 15:03:06.609" 104.6057065255336 -102917.71829623396 -186441.46989925893 -4140.385225083693 slew "" "" "" "" ""
"2030-02-08 15:04:51.215" 900.0 -104398.08139199331 -185534.4995489456 -4069.4263273475253 observe 168.1424577902394 -27.825826609513786 -34.04613156524364 4698 211
"2030-02-08 15:19:51.215" 104.2767612305098 -116798.5462256421 -177250.40652351227 -3458.848237972016 slew "" "" "" "" ""
"2030-02-08 15:21:35.492" 900.0 -118194.79929570475 -176236.10230882568 -3388.097610217989 observe 169.05613709621338 -30.568869822628308 -33.79390214018644 4712 211
"2030-02-08 15:36:35.492" 107.97850873997598 -129873.68381398886 -167030.19310331222 -2777.4033032557227 slew "" "" "" "" ""
"2030-02-08 15:38:23.470" 900.0 -131228.5516456249 -165872.69949664586 -2704.1285788382324 observe 172.57784886789915 -31.129730495361372 -37.17126517020596 4728 211
"2030-02-08 15:53:23.470" 104.48404698165713 -142114.33067698445 -155803.6699888269 -2093.342284827101 slew "" "" "" "" ""
"2030-02-08 15:55:07.954" 900.0 -143329.6504998216 -154587.41216516445 -2022.4297071129542 observe 171.5419720731401 -28.388938415454064 -37.35714259564391 4713 211
"2030-02-08 16:10:07.954" 107.74637362502499 -153361.6683938218 -143725.24457548096 -1411.5768293576311 slew "" "" "" "" ""
"2030-02-08 16:11:55.701" 900.0 -154508.98337270875 -142380.11636272178 -1338.443674680126 observe 174.98588699274924 -28.91246691003747 -40.52100188404706 4729 211
"2030-02-08 16:26:55.701" 104.97030856554025 -163626.4961562205 -130794.12275758128 -727.5496807874586 slew "" "" "" "" ""
"2030-02-08 16:28:40.671" 900.0 -164634.59390803153 -129403.70508138063 -656.297516240164 observe 173.8954494215742 -26.151520634010602 -40.819752685242754 4714 211
"2030-02-08 16:43:40.671" 107.46536980770367 -172788.25239504094 -117171.79278119076 -45.388668028853445 slew "" "" "" "" ""
"2030-02-08 16:45:28.136" 900.0 -173702.23256803292 -115675.79803955076 27.557295107441934 observe 177.26377712843478 -26.644427614212873 -43.75846913779934 4730 211
"2030-02-08 17:00:28.136" 105.45145202839433 -180843.93758789726 -102876.18211871132 638.454283027113 slew "" "" "" "" ""
"2030-02-08 17:02:13.588" 900.0 -181619.9236590774 -101346.57798584746 710.0302511788917 observe 176.12812268960073 -23.865126526262834 -44.181169459029235 4715 211
"2030-02-08 17:17:13.588" 107.14053238834566 -187712.60618586454 -88063.27582154509 1320.8881471051154 slew "" "" "" "" ""
"2030-02-08 17:19:00.728" 900.0 -188373.98121391865 -86456.59324463863 1393.6042874392685 observe 179.42350656114897 -24.333635215302994 -46.884865994084365 4731 211
"2030-02-08 17:34:00.728" 105.9241137163412 -193383.5006760579 -72774.47832015716 2004.3951657144273 slew "" "" "" "" ""
"2030-02-08 17:35:46.653" 900.0 -193908.33626313604 -71144.25903704579 2076.2761796256327 observe 178.25077385804988 -21.53740885490194 -47.43925668554949 4716 211
"2030-02-08 17:50:46.653" 106.7788022066701 -197810.598069219 -57151.54057455561 2686.9717146527514 slew "" "" "" "" ""
"2030-02-08 17:52:33.431" 900.0 -198207.0234903789 -55476.57496969917 2759.4197017077754 observe 181.4761444560784 -21.98726427066987 -49.90005757464977 4732 211
"2030-02-08 18:07:33.431" 232.87484836210555 -200982.7554994106 -41262.341165065096 3369.990801241039 slew "" "" "" "" ""
"2030-02-08 18:00:00.000" 1800.0 -199710.95040034133 -48443.37886649549 3062.392928885493 downlink 198.0383225262028 11.438150421686741 -79.69952375811141 "" ""
"2030-02-08 18:30:00.000" 295.478129065615 -203235.82302007425 -19790.66017530961 4283.257642082729 slew "" "" "" "" ""
"2030-02-08 18:34:55.478" 900.0 -203424.55139952517 -15066.780337085816 4483.607351586237 observe 161.02970803926632 -50.08550279222027 -19.904483998976854 5046 219
"2030-02-08 18:49:55.478" 103.81151030106693 -203322.5816755716 -696.2428863668418 5093.731059859041 slew "" "" "" "" ""
"2030-02-08 18:51:39.290" 900.0 -203245.4347156028 957.3648398146378 5164.093720372752 observe 160.08410779933538 -47.27929502742075 -19.353601841862144 5027 219
"2030-02-08 19:06:39.290" 105.55562207080018 -202013.09492853587 15230.665009389004 5773.9865681968095 slew "" "" "" "" ""
"2030-02-08 19:08:24.845" 900.0 -201802.6615410996 16895.400338969634 5845.502428175995 observe 155.9886642972136 -46.68557845669691 -15.120041550136383 5026 219
"2030-02-08 19:23:24.845" 104.03461800987728 -199452.15059083432 30982.276717351702 6455.13229499493 slew "" "" "" "" ""
"2030-02-08 19:25:08.880" 900.0 -199116.68867500036 32596.406853479664 6525.585413304691 observe 156.7415857883802 -49.547467483747624 -15.550535258136588 5045 219
"2030-02-08 19:40:08.880" 104.10503166217939 -195670.81964416857 46409.82947975946 7134.920372361448 slew "" "" "" "" ""
"2030-02-08 19:41:52.985" 900.0 -195209.9158479702 47988.45288969728 7205.385167213928 observe 157.58374753577195 -52.414589358094716 -16.0916764064649 5064 219
"2030-02-08 19:56:52.985" 104.16975616453661 -190696.53693647342 61443.2745112547 7814.39223188101 slew "" "" "" "" ""
"2030-02-08 19:58:37.155" 900.0 -190113.6646533507 62976.54548595747 7884.860948553437 observe 158.53679693450746 -55.2849430059975 -16.76375038002255 5084 219
"2030-02-08 20:13:37.155" 103.82463608895952 -184567.24997722966 75990.26206019078 8493.506451741849 slew "" "" "" "" ""
"2030-02-08 20:15:20.979" 900.0 -183869.40305574558 77462.9402821687 8563.698031794343 observe 153.85665986984995 -54.672704136776744 -12.085048044545342 5083 219
"2030-02-08 20:30:20.979" 104.37838160366752 -177331.20259554012 89956.43269854879 9171.947778985565 slew "" "" "" "" ""
"2030-02-08 20:32:05.358" 900.0 -176517.1953436123 91372.15766659442 9242.465794181631 observe 153.16266459898466 -51.748822492670705 -11.60317307864561 5063 219
"2030-02-08 20:47:05.358" 104.31561407576189 -169033.6752149958 103269.481515756 9850.28452222966 slew "" "" "" "" ""
"2030-02-08 20:48:49.673" 900.0 -168113.54952990683 104611.03186171409 9920.708115752514 observe 152.54025444703186 -48.831126294934464 -11.207273036128619 5044 219
"2030-02-08 21:03:49.673" 107.45313288109662 -159737.5633004955 115840.68748030109 10528.06008205427 slew "" "" "" "" ""
"2030-02-08 21:05:37.126" 900.0 -158686.43003033102 117138.64857462523 10600.543831400937 observe 148.86516471202785 -50.902931396220424 -7.167873171392344 5062 219
"2030-02-08 21:20:37.126" 104.57701236286917 -149473.67811915238 127631.28214543105 11207.39090431818 slew "" "" "" "" ""
"2030-02-08 21:22:21.703" 900.0 -148357.18710424728 128805.27695005157 11277.873792699633 observe 149.31235537762007 -53.870769617567994 -7.478533731683017 5082 219
"2030-02-08 21:37:21.703" 106.7045168910663 -138373.4294571567 138500.91015572313 11884.180089565149 slew "" "" "" "" ""
"2030-02-08 21:39:08.408" 900.0 -137146.6681624793 139600.7280997348 11956.030447211318 observe 145.15327363925738 -55.898810480960215 -3.1397712100033726 5102 219
"2030-02-08 21:54:08.408" 103.70152812467803 -126458.38421657494 148440.87777143606 12561.75666568822 slew "" "" "" "" ""
"2030-02-08 21:55:52.109" 900.0 -125189.17518138242 149408.2753096844 12631.515972491467 observe 149.80205046464854 -56.84555668522587 -7.839797772754402 5103 219
"2030-02-08 22:10:52.109" 103.43742240480353 -113870.50440469068 157344.60586044568 13236.625035948788 slew "" "" "" "" ""
"2030-02-08 22:12:35.547" 900.0 -112536.36795218798 158202.99144559444 13306.133502796905 observe 154.64073850111942 -57.601403898623914 -12.671071658162873 5104 219
"2030-02-08 22:27:35.547" 104.73783399249268 -100663.05224073054 165190.95501062693 13910.586045260172 slew "" "" "" "" ""
"2030-02-08 22:29:20.285" 900.0 -99252.08822858104 165947.33253505497 13980.889582796386 observe 155.83655011568345 -60.54010328750687 -13.678764190653704 2329 219
"2030-02-08 22:44:20.285" 105.73079446263661 -86902.3023997695 171947.11196216702 14584.644341391215 slew "" "" "" "" ""
