initial-survey.ecsv
# %ECSV 1.0
# ---
# datatype:
# - {name: start_time, datatype: string}
# - {name: duration, unit: s, datatype: float64}
# - {name: observer_location.x, unit: km, datatype: float64}
# - {name: observer_location.y, unit: km, datatype: float64}
# - {name: observer_location.z, unit: km, datatype: float64}
# - {name: action, datatype: string}
# - {name: target_coord.ra, unit: deg, datatype: float64}
# - {name: target_coord.dec, unit: deg, datatype: float64}
# - {name: roll, unit: deg, datatype: float64}
# - {name: field_id, datatype: int64}
# - {name: block_id, datatype: int64}
# meta: !!omap
# - __serialized_columns__:
#     duration:
#       __class__: astropy.units.quantity.Quantity
#       unit: !astropy.units.Unit {unit: s}
#       value: !astropy.table.SerializedColumn {name: duration}
#     observer_location:
#       __class__: astropy.coordinates.earth.EarthLocation
#       ellipsoid: WGS84
#       x: !astropy.table.SerializedColumn
#         __class__: astropy.units.quantity.Quantity
#         unit: &id001 !astropy.units.Unit {unit: km}
#         value: !astropy.table.SerializedColumn
#           __class__: astropy.utils.masked.core.MaskedNDArray
#           data: !astropy.table.SerializedColumn {name: observer_location.x}
#       y: !astropy.table.SerializedColumn
#         __class__: astropy.units.quantity.Quantity
#         unit: *id001
#         value: !astropy.table.SerializedColumn
#           __class__: astropy.utils.masked.core.MaskedNDArray
#           data: !astropy.table.SerializedColumn {name: observer_location.y}
#       z: !astropy.table.SerializedColumn
#         __class__: astropy.units.quantity.Quantity
#         unit: *id001
#         value: !astropy.table.SerializedColumn
#           __class__: astropy.utils.masked.core.MaskedNDArray
#           data: !astropy.table.SerializedColumn {name: observer_location.z}
#     roll:
#       __class__: astropy.units.quantity.Quantity
#       unit: &id002 !astropy.units.Unit {unit: deg}
#       value: !astropy.table.SerializedColumn
#         __class__: astropy.utils.masked.core.MaskedNDArray
#         data: !astropy.table.SerializedColumn {name: roll}
#     start_time:
#       __class__: astropy.time.core.Time
#       format: iso
#       in_subfmt: '*'
#       out_subfmt: '*'
#       precision: 3
#       scale: utc
#       value: !astropy.table.SerializedColumn {name: start_time}
#     target_coord:
#       __class__: astropy.coordinates.sky_coordinate.SkyCoord
#       dec: !astropy.table.SerializedColumn
#         __class__: astropy.coordinates.angles.core.Latitude
#         unit: *id002
#         value: !astropy.table.SerializedColumn
#           __class__: astropy.utils.masked.core.MaskedNDArray
#           data: !astropy.table.SerializedColumn {name: target_coord.dec}
#       frame: icrs
#       ra: !astropy.table.SerializedColumn
#         __class__: astropy.coordinates.angles.core.Longitude
#         unit: *id002
#         value: !astropy.table.SerializedColumn
#           __class__: astropy.utils.masked.core.MaskedNDArray
#           data: !astropy.table.SerializedColumn {name: target_coord.ra}
#         wrap_angle: !astropy.coordinates.Angle
#           unit: *id002
#           value: 360.0
#       representation_type: unitspherical
# schema: astropy-2.0
start_time duration observer_location.x observer_location.y observer_location.z action target_coord.ra target_coord.dec roll field_id block_id
[from data line 8018]
"2030-03-25 14:48:13.983" 900.0 135752.51951336887 -227195.04256681827 -143671.36085150417 observe 220.64035814770403 -40.45003812476771 -50.12658045960569 5274 185
"2030-03-25 15:03:13.983" 108.15926897527243 119994.1141273958 -236215.97061350982 -143957.93773899777 slew "" "" "" "" ""
"2030-03-25 15:05:02.142" 900.0 118058.6221600778 -237227.2542009901 -143992.26341576225 observe 224.4775004767409 -39.86426248201419 -54.37987454762788 5258 185
"2030-03-25 15:20:02.142" 105.42028097704332 101635.9438954934 -245019.72471807228 -144276.93996718427 slew "" "" "" "" ""
"2030-03-25 15:21:47.562" 900.0 99677.28853884355 -245858.72198706598 -144310.17433447696 observe 221.82463313973466 -37.612732137348914 -53.19540283850194 5273 185
"2030-03-25 15:36:47.562" 105.3764488279742 82687.57359583753 -252377.5827426267 -144592.95968400253 slew "" "" "" "" ""
"2030-03-25 15:38:32.939" 900.0 80669.06796429506 -253064.57406894764 -144625.95903835387 observe 219.3087333438904 -35.3374700294687 -52.21999865238704 5290 185
"2030-03-25 15:53:32.939" 109.28688984476936 63211.15885642601 -258268.8824415476 -144906.85722631405 slew "" "" "" "" ""
"2030-03-25 15:55:22.226" 900.0 61066.93652865045 -258819.250246544 -144940.85179943938 observe 222.9562584342103 -34.75769834346365 -56.32165833941869 5272 185
"2030-03-25 16:10:22.226" 108.51246244184958 43241.367042386446 -262670.3811444362 -145219.859459051 slew "" "" "" "" ""
"2030-03-25 16:12:10.738" 900.0 41074.30851121741 -263052.0634512092 -145253.3855273431 observe 226.5246802093086 -34.04547664720187 -60.15155159659941 5256 185
"2030-03-25 16:27:10.738" 107.8257457447279 22986.161817445853 -265525.46651513595 -145530.50807837967 slew "" "" "" "" ""
"2030-03-25 16:28:58.564" 900.0 20807.718471264277 -265738.5292025571 -145563.59644436958 observe 230.00315090236268 -33.207816594365184 -63.716122633221126 5241 185
"2030-03-25 16:43:58.564" 110.08917656442601 2563.5747712205043 -266817.6993827126 -145838.83912684247 slew "" "" "" "" ""
"2030-03-25 16:45:48.653" 900.0 326.87263959535426 -266863.7741501655 -145872.39210528467 observe 229.12288757711596 -36.17863845863367 -61.020626899797016 5242 185
"2030-03-25 17:00:48.653" 107.7072757238357 -17965.77199918653 -266536.33752381435 -146145.7546585717 slew "" "" "" "" ""
"2030-03-25 17:02:36.360" 900.0 -20153.4072577601 -266413.06618719205 -146178.3571790255 observe 225.5200482807225 -36.96206322206156 -57.23923308481829 5257 185
"2030-03-25 17:17:36.360" 105.3665466859988 -38386.369275921745 -264681.4185638808 -146449.8479812843 slew "" "" "" "" ""
"2030-03-25 17:19:21.727" 900.0 -40513.179673630686 -264396.89891333226 -146481.52332434687 observe 228.21975645837728 -39.13788072050585 -58.375671234700285 5243 185
"2030-03-25 17:34:21.727" 109.12270612807544 -58579.18713169683 -261271.6578146475 -146751.15064241088 slew "" "" "" "" ""
"2030-03-25 17:36:10.849" 900.0 -60755.03252703074 -260808.50066699498 -146783.72903712827 observe 227.28685166802535 -42.083535370366015 -55.787300666286235 5244 185
"2030-03-25 17:51:10.849" 235.8629430479933 -78546.36867669159 -256300.12427801525 -147051.489838083 slew "" "" "" "" ""
"2030-03-25 18:00:00.000" 1800.0 -88855.96867688038 -253081.4437098292 -147208.14271840296 downlink 292.748807235888 -57.07233048698498 -106.61418849798604 "" ""
"2030-03-25 18:30:00.000" 247.1936065453794 -122834.39648188808 -239061.02177102756 -147736.7345118317 slew "" "" "" "" ""
"2030-03-25 18:34:07.194" 900.0 -127344.77824996329 -236773.9340363245 -147808.80889262402 observe 224.04487209155153 -31.887305739351397 -59.384055348481695 5271 200
"2030-03-25 18:49:07.194" 105.3394931076974 -143393.68476621047 -227733.9483514672 -148070.16972975654 slew "" "" "" "" ""
"2030-03-25 18:50:52.533" 900.0 -145231.54711640123 -226603.9644110215 -148100.65253658433 observe 221.66991171883512 -29.711157519552632 -58.9499945824212 5288 200
"2030-03-25 19:05:52.533" 105.41300939708881 -160557.77117127323 -216352.36289550608 -148360.1711848587 slew "" "" "" "" ""
"2030-03-25 19:07:37.946" 900.0 -162306.8363138136 -215082.92831166217 -148390.45971668302 observe 219.38728930314383 -27.523459212924635 -58.73384678159105 5306 200
"2030-03-25 19:22:37.946" 105.53620413014144 -176818.9397658989 -203677.42318587442 -148648.1399045748 slew "" "" "" "" ""
"2030-03-25 19:24:23.482" 900.0 -178469.39908232677 -202274.85608087748 -148678.24846477932 observe 217.18546814842415 -25.330080877049863 -58.74185011677709 5324 200
"2030-03-25 19:39:23.482" 105.73273810154143 -192080.50113047223 -189780.00430101223 -148934.09382154566 slew "" "" "" "" ""
"2030-03-25 19:41:09.215" 900.0 -193623.27647909385 -188250.90240250924 -148964.0430987328 observe 215.05380138623957 -23.136380275399933 -58.98579969403735 5343 200
"2030-03-25 19:56:09.215" 113.41049979831507 -206251.53384658493 -174737.73041484528 -149218.0571115709 slew "" "" "" "" ""
"2030-03-25 19:58:02.626" 900.0 -207777.06958128186 -172973.57746768068 -149249.9497417502 observe 211.65707783158945 -23.556004939391055 -54.73925401336798 5364 200
"2030-03-25 20:13:02.626" 105.57518692452062 -219338.08076452682 -158512.57104712358 -149502.12230964014 slew "" "" "" "" ""
"2030-03-25 20:14:48.201" 900.0 -220629.260987126 -156764.34874366704 -149531.59658858992 observe 213.757366663137 -25.79976211889455 -54.600723886579885 5344 200
"2030-03-25 20:29:48.201" 105.44555472077327 -231061.1089974413 -141446.18248192559 -149781.94578664956 slew "" "" "" "" ""
"2030-03-25 20:31:33.646" 900.0 -232214.58179299653 -139604.762822907 -149811.170483176 observe 215.92564652585077 -28.047422575232687 -54.68340710769029 5325 200
"2030-03-25 20:46:33.646" 105.37617166596077 -241454.0556509331 -123517.7465146848 -150059.7003564526 slew "" "" "" "" ""
"2030-03-25 20:48:19.022" 900.0 -242463.72973913333 -121592.87557401757 -150088.69303803402 observe 218.173167206316 -30.293635083561295 -54.97716412586687 5307 200
"2030-03-25 21:03:19.022" 105.34570282648446 -250454.45676879116 -104829.91324999818 -150335.4075086223 slew "" "" "" "" ""
"2030-03-25 21:05:04.368" 900.0 -251314.65715379376 -102832.08422981853 -150364.17953772057 observe 220.51221773032773 -32.53253681504602 -55.47763276075517 5289 200
"2030-03-25 21:20:04.368" 110.35508472709407 -258007.45693025284 -85490.16726057914 -150609.082443312 slew "" "" "" "" ""
"2030-03-25 21:21:54.723" 900.0 -258746.29997920638 -83332.30273442608 -150639.00018615526 observe 216.91221335139474 -33.046186982702146 -51.281348976925315 5308 200
"2030-03-25 21:36:54.723" 105.28951726513114 -264092.7206240571 -65509.83740282287 -150882.08629658952 slew "" "" "" "" ""
"2030-03-25 21:38:40.013" 900.0 -264638.39535899134 -63400.981362363396 -150910.41895191415 observe 214.61923354174476 -30.745875724728492 -50.69085595941194 5326 200
"2030-03-25 21:53:40.013" 105.26200670345928 -268611.23456887313 -45204.146665238695 -151151.70113800993 slew "" "" "" "" ""
"2030-03-25 21:55:25.275" 900.0 -268994.45649522624 -43058.210570554365 -151179.81562913433 observe 212.41550749932586 -28.442893952922777 -50.28680890958578 5345 200
"2030-03-25 22:10:25.275" 105.25559979041277 -271567.8975130253 -24592.897982320475 -151419.29767663396 slew "" "" "" "" ""
"2030-03-25 22:12:10.530" 900.0 -271786.24953832 -22421.961185140484 -151447.2001476083 observe 210.2881075666354 -26.14303641942916 -50.069526696700905 5365 200
"2030-03-25 22:27:10.530" 116.77096981116 -272942.6094645431 -3795.8049719867568 -151684.88578738985 slew "" "" "" "" ""
"2030-03-25 22:29:07.301" 900.0 -272999.1482837504 -1373.492350281762 -151715.60672918695 observe 208.8680044458676 -28.705754331484897 -45.514140762741135 5366 200
"2030-03-25 22:44:07.301" 115.65205904128649 -272712.6504096291 17304.714673511044 -151951.4791485505 slew "" "" "" "" ""
"2030-03-25 22:46:02.953" 900.0 -272583.10042198066 19703.331946668455 -151981.67308674127 observe 207.3885371434176 -31.241511360312543 -41.098705761223336 5367 200
"2030-03-25 23:01:02.953" 114.08964038313977 -270854.33623487194 38321.95393678004 -152215.7380425655 slew "" "" "" "" ""
"2030-03-25 23:02:57.043" 900.0 -270544.1577247711 40673.5625572815 -152245.29535915598 observe 211.02002797177653 -31.063143385768306 -46.07168417136322 5346 200
"2030-03-25 23:17:57.043" 105.18642499796127 -267382.9576379553 59121.59810721919 -152477.55936273717 slew "" "" "" "" ""
"2030-03-25 23:19:42.229" 900.0 -266931.0849975955 61263.442360400586 -152504.60076937455 observe 213.25741959222054 -33.422801017930766 -46.78354257097262 5327 200
"2030-03-25 23:34:42.229" 254.96280518717225 -262365.952652666 79433.65497739225 -152735.08329062164 slew "" "" "" "" ""
"2030-03-26 00:00:00.000" 1800.0 -251878.5143752456 109263.54278905646 -153120.16703953737 downlink 286.9052858953816 -53.78089952912065 -101.17452475432127 "" ""
"2030-03-26 00:30:00.000" 332.19524230252085 -235067.0153486542 142839.770474202 -153571.00740504594 slew "" "" "" "" ""
"2030-03-26 00:35:32.195" 900.0 -231466.7277598529 148775.32639703617 -153653.51919268412 observe 267.24170544029744 48.15981634239466 -96.83751063159322 3990 42
"2030-03-26 00:50:32.195" 103.36414718006847 -220966.16470555807 164388.29434494633 -153875.9828157133 slew "" "" "" "" ""
"2030-03-26 00:52:15.559" 900.0 -219691.86593047684 166135.30894488088 -153901.43150387498 observe 265.2847940928384 50.67080236820506 -98.50230224941382 3971 42
"2030-03-26 01:07:15.559" 105.70894147385945 -208021.33725468084 180916.6769723924 -154122.13656192116 slew "" "" "" "" ""
"2030-03-26 01:09:01.268" 900.0 -206584.3053820314 182600.28646048086 -154147.95596101927 observe 260.3387213817352 50.69582970835795 -102.39019126209055 3952 42
"2030-03-26 01:24:01.268" 104.8308285494113 -193807.1808237 196460.24792522806 -154366.9018346489 slew "" "" "" "" ""
"2030-03-26 01:25:46.099" 900.0 -192257.36414403986 198017.6801814205 -154392.30213899803 observe 263.1137298003401 53.16784046161343 -100.4348243723382 3953 42
"2030-03-26 01:40:46.099" 105.68059416553379 -178447.27668363688 210874.43065608677 -154609.49382816095 slew "" "" "" "" ""
"2030-03-26 01:42:31.780" 900.0 -176768.07216991414 212322.01184635068 -154634.89416296265 observe 268.31492681029545 52.97932584920348 -96.23509726559038 3972 42
"2030-03-26 01:57:31.780" 103.79597064110844 -162003.04203116233 224097.76707172304 -154850.33362460538 slew "" "" "" "" ""
"2030-03-26 01:59:15.576" 900.0 -160248.52567513808 225390.79032404989 -154875.07929407136 observe 266.18896319052783 55.57231861749373 -98.08528492472226 3954 42
"2030-03-26 02:14:15.576" 104.64396415600513 -144614.7440716891 236017.0056784147 -155088.77321722358 slew "" "" "" "" ""
"2030-03-26 02:16:00.220" 900.0 -142749.9585159479 237183.03460397944 -155113.51820966834 observe 269.62187899312715 57.894218525070414 -95.28654595902779 3955 42
"2030-03-26 02:31:00.220" 104.07001639345995 -126336.33311115022 246594.7505643054 -155325.4684989689 slew "" "" "" "" ""
"2030-03-26 02:32:44.290" 900.0 -124396.99764825183 247610.56144005485 -155349.87640050965 observe 271.65266181769834 55.20435444418429 -93.56958338062447 3973 42
"2030-03-26 02:47:44.290" 104.36847970810808 -107298.26754808491 255751.49319030377 -155560.08740221974 slew "" "" "" "" ""
"2030-03-26 02:49:28.658" 900.0 -105279.54739212933 256619.812785377 -155584.3637701182 observe 275.3460669066477 57.32940328782654 -90.45956944535872 3974 42
"2030-03-26 03:04:28.658" 104.34956215735653 -87593.96603985061 263439.92199310753 -155792.838289918 slew "" "" "" "" ""
"2030-03-26 03:06:13.008" 900.0 -85513.42632690379 264152.3648901486 -155816.90911638614 observe 273.4788436973453 60.115023809273744 -91.97419896610438 3956 42
"2030-03-26 03:21:13.008" 104.48324490526366 -67343.05297862725 269609.6376900041 -156023.65048183946 slew "" "" "" "" ""
"2030-03-26 03:22:57.491" 900.0 -65209.611887987434 270162.6381993043 -156047.55111610895 observe 277.8343112766306 62.2119594584704 -88.07533978882114 3957 42
"2030-03-26 03:37:57.491" 104.63508429021806 -46659.439014715244 274222.73309837835 -156252.5623635333 slew "" "" "" "" ""
"2030-03-26 03:39:42.126" 900.0 -44484.94695202341 274612.42158169847 -156276.29675921454 observe 279.446492390269 59.33489927086149 -86.85515967087633 3975 42
"2030-03-26 03:54:42.126" 105.59453060776562 -25662.38590459734 277249.0575903382 -156479.58086647 slew "" "" "" "" ""
"2030-03-26 03:56:27.721" 900.0 -23442.36868976793 277474.0289285716 -156503.33034524266 observe 285.09091733150996 58.2523242133252 -82.10651843700846 3995 42
"2030-03-26 04:11:27.721" 104.73239681060093 -4456.550114532875 278668.0173287227 -156704.8888784461 slew "" "" "" "" ""
"2030-03-26 04:13:12.453" 900.0 -2242.0812943958235 278722.64017623937 -156728.2439210245 observe 286.06624468113944 55.32354753928845 -81.67272283360525 4015 42
"2030-03-26 04:28:12.453" 103.81973103503381 16796.430247006694 278465.7924131695 -156928.08154386343 slew "" "" "" "" ""
"2030-03-26 04:29:56.273" 900.0 18991.292093639597 278352.44358347845 -156951.03482081828 observe 282.10505476577737 53.609040677909356 -85.14292361408522 4014 42
"2030-03-26 04:44:56.273" 104.40933589910892 37971.744067012834 276645.10782276903 -157149.15624655105 slew "" "" "" "" ""
"2030-03-26 04:46:40.682" 900.0 40165.911689683955 276363.0734838313 -157172.04090442832 observe 280.8526131690392 56.46588295531773 -85.8947234583314 3994 42
"2030-03-26 05:01:40.682" 104.09498283792445 58977.686101259096 273211.884058676 -157368.44824800052 slew "" "" "" "" ""
"2030-03-26 05:03:24.777" 900.0 61139.372512926755 272764.49391480576 -157391.06596321406 observe 276.9831864904309 54.54543567611127 -89.22847175434372 3993 42
"2030-03-26 05:18:24.777" 104.16193275801308 79672.77073925025 268185.80885229 -157585.7628553739 slew "" "" "" "" ""
"2030-03-26 05:20:08.939" 900.0 81797.32961371905 267574.16505482 -157608.19732886177 observe 273.4485381506755 52.51012179394506 -92.14086741086089 3992 42
"2030-03-26 05:35:08.939" 104.23520482517182 99944.0420308921 261592.13487528774 -157801.18672176922 slew "" "" "" "" ""
"2030-03-26 05:36:53.174" 900.0 102019.11433455789 260819.2546626147 -157823.43938865783 observe 270.21301119386857 50.37672530071279 -94.66618520523309 3991 42
"2030-03-26 05:51:53.174" 335.3437846780471 119672.8939721777 253466.2373247028 -158014.72419685527 slew "" "" "" "" ""
"2030-03-26 06:00:00.000" 1800.0 129006.5419799638 248988.73990361433 -158117.55776522143 downlink 282.11266773059293 -50.800554977044335 -97.0003844284533 "" ""
"2030-03-26 06:30:00.000" 303.80592166004857 161960.46082791392 229499.11008314637 -158493.90788402982 slew "" "" "" "" ""
"2030-03-26 06:35:03.806" 900.0 167251.22708307728 225770.48001414415 -158556.82882685636 observe 258.9178145416601 32.669046527899866 -100.55730942417429 3760 35
"2030-03-26 06:50:03.806" 104.39700435354801 182409.08456080238 214016.52554496142 -158742.21191256802 slew "" "" "" "" ""
"2030-03-26 06:51:48.203" 900.0 184115.18295708162 212586.22960900562 -158763.61757138334 observe 256.9084659477056 35.035385320919985 -102.27580728586186 3761 35
"2030-03-26 07:06:48.203" 102.89986581527478 198346.167559401 199701.26561537047 -158947.30907864342 slew "" "" "" "" ""
"2030-03-26 07:08:31.103" 900.0 199916.99635958945 198166.32029582403 -158968.2146692534 observe 260.20262758606503 35.67004682647178 -100.38945463227532 3777 35
"2030-03-26 07:23:31.103" 106.39284850646922 213138.41194360616 184224.9499506065 -159150.22001152427 slew "" "" "" "" ""
"2030-03-26 07:25:17.496" 900.0 214638.25506081703 182517.38007649244 -159171.6357464594 observe 261.67914087337743 38.64031929945935 -99.96257825295412 3789 35
"2030-03-26 07:40:17.496" 103.05204769445692 226767.90598303743 167595.44971764134 -159351.95193219834 slew "" "" "" "" ""
"2030-03-26 07:42:00.548" 900.0 228091.59377732218 165834.1859890124 -159372.5022724356 observe 258.2173504506664 38.0417876670414 -102.0980653275735 3778 35
