initial-survey.ecsv
# %ECSV 1.0
# ---
# datatype:
# - {name: start_time, datatype: string}
# - {name: duration, unit: s, datatype: float64}
# - {name: observer_location.x, unit: km, datatype: float64}
# - {name: observer_location.y, unit: km, datatype: float64}
# - {name: observer_location.z, unit: km, datatype: float64}
# - {name: action, datatype: string}
# - {name: target_coord.ra, unit: deg, datatype: float64}
# - {name: target_coord.dec, unit: deg, datatype: float64}
# - {name: roll, unit: deg, datatype: float64}
# - {name: field_id, datatype: int64}
# - {name: block_id, datatype: int64}
# meta: !!omap
# - __serialized_columns__:
#     duration:
#       __class__: astropy.units.quantity.Quantity
#       unit: !astropy.units.Unit {unit: s}
#       value: !astropy.table.SerializedColumn {name: duration}
#     observer_location:
#       __class__: astropy.coordinates.earth.EarthLocation
#       ellipsoid: WGS84
#       x: !astropy.table.SerializedColumn
#         __class__: astropy.units.quantity.Quantity
#         unit: &id001 !astropy.units.Unit {unit: km}
#         value: !astropy.table.SerializedColumn
#           __class__: astropy.utils.masked.core.MaskedNDArray
#           data: !astropy.table.SerializedColumn {name: observer_location.x}
#       y: !astropy.table.SerializedColumn
#         __class__: astropy.units.quantity.Quantity
#         unit: *id001
#         value: !astropy.table.SerializedColumn
#           __class__: astropy.utils.masked.core.MaskedNDArray
#           data: !astropy.table.SerializedColumn {name: observer_location.y}
#       z: !astropy.table.SerializedColumn
#         __class__: astropy.units.quantity.Quantity
#         unit: *id001
#         value: !astropy.table.SerializedColumn
#           __class__: astropy.utils.masked.core.MaskedNDArray
#           data: !astropy.table.SerializedColumn {name: observer_location.z}
#     roll:
#       __class__: astropy.units.quantity.Quantity
#       unit: &id002 !astropy.units.Unit {unit: deg}
#       value: !astropy.table.SerializedColumn
#         __class__: astropy.utils.masked.core.MaskedNDArray
#         data: !astropy.table.SerializedColumn {name: roll}
#     start_time:
#       __class__: astropy.time.core.Time
#       format: iso
#       in_subfmt: '*'
#       out_subfmt: '*'
#       precision: 3
#       scale: utc
#       value: !astropy.table.SerializedColumn {name: start_time}
#     target_coord:
#       __class__: astropy.coordinates.sky_coordinate.SkyCoord
#       dec: !astropy.table.SerializedColumn
#         __class__: astropy.coordinates.angles.core.Latitude
#         unit: *id002
#         value: !astropy.table.SerializedColumn
#           __class__: astropy.utils.masked.core.MaskedNDArray
#           data: !astropy.table.SerializedColumn {name: target_coord.dec}
#       frame: icrs
#       ra: !astropy.table.SerializedColumn
#         __class__: astropy.coordinates.angles.core.Longitude
#         unit: *id002
#         value: !astropy.table.SerializedColumn
#           __class__: astropy.utils.masked.core.MaskedNDArray
#           data: !astropy.table.SerializedColumn {name: target_coord.ra}
#         wrap_angle: !astropy.coordinates.Angle
#           unit: *id002
#           value: 360.0
#       representation_type: unitspherical
# schema: astropy-2.0
start_time duration observer_location.x observer_location.y observer_location.z action target_coord.ra target_coord.dec roll field_id block_id
[from data line 569]
"2030-01-04 13:23:28.124" 103.23420291177615 49723.03519155878 214334.408544062 -102857.18428893662 slew "" "" "" "" ""
"2030-01-04 13:25:11.358" 900.0 51447.22085049972 213964.91463724704 -102923.87936657369 observe 338.9127505832182 18.941486157645798 54.11438223512822 1591 30
"2030-01-04 13:40:11.358" 103.2794221306832 66349.36435113673 210158.2453293906 -103504.02672856147 slew "" "" "" "" ""
"2030-01-04 13:41:54.638" 900.0 68042.68232302574 209654.6539604881 -103570.45201187761 observe 340.42922337259824 21.324887037203613 54.20425513674631 1590 30
"2030-01-04 13:56:54.638" 103.34033108558617 82623.7903819568 204691.98844696998 -104147.99514788212 slew "" "" "" "" ""
"2030-01-04 13:58:37.978" 900.0 84276.06058201764 204056.79470914096 -104214.16074124654 observe 342.00980907506226 23.706000162107017 54.438684234813174 1589 30
"2030-01-04 14:13:37.978" 105.90671394773815 98446.47318822767 197965.24840783013 -104789.1024524278 slew "" "" "" "" ""
"2030-01-04 14:15:23.885" 900.0 100086.18634953811 197183.15592354903 -104856.60488572878 observe 338.64603106198274 23.933621768083263 52.392764827461534 1611 30
"2030-01-04 14:30:23.885" 102.98255758390846 113757.18467344674 189994.10856560792 -105428.94154591791 slew "" "" "" "" ""
"2030-01-04 14:32:06.867" 900.0 115289.6613694269 189110.43508652798 -105494.28271641427 observe 337.14601389953395 21.56566827694723 52.2119367871164 1612 30
"2030-01-04 14:47:06.867" 102.92595404098893 128378.1491553222 180867.99622903898 -106064.0249720639 slew "" "" "" "" ""
"2030-01-04 14:48:49.793" 900.0 129838.4680661458 179866.93694650213 -106129.0337125397 observe 335.70422491360046 19.19863210732105 52.16836299012988 1613 30
"2030-01-04 15:03:49.793" 102.88777845767886 142263.4259399757 170618.53071511848 -106696.1848320486 slew "" "" "" "" ""
"2030-01-04 15:05:32.681" 900.0 143642.86400392116 169505.79614052534 -106760.87342860093 observe 334.31328477228 16.83428743994043 52.2604809784014 1614 30
"2030-01-04 15:20:32.681" 107.02834904448622 155327.13382699835 159305.0455177878 -107325.43668360844 slew "" "" "" "" ""
"2030-01-04 15:22:19.709" 900.0 156669.38515541065 158037.48785550587 -107392.42038599084 observe 331.0152881968917 16.600132513093502 50.324336889509084 4320 30
"2030-01-04 15:37:19.709" 103.8168079119431 167536.6201683376 146940.32960651402 -107954.3883347486 slew "" "" "" "" ""
"2030-01-04 15:39:03.526" 900.0 168740.46321307129 145611.24220956108 -108019.06338611936 observe 332.3801057738854 19.09935195096668 50.142579770187574 4321 30
"2030-01-04 15:54:03.526" 103.59008139345309 178724.99523634458 133685.82439262883 -108578.44758756079 slew "" "" "" "" ""
"2030-01-04 15:55:47.116" 900.0 179820.90181069798 132268.27611703688 -108642.68422891936 observe 333.78373348479175 21.57343660886085 50.11047520257778 4322 30
"2030-01-04 16:10:47.116" 103.38186350062179 188860.01958852707 119585.13506972659 -109199.48858929759 slew "" "" "" "" ""
"2030-01-04 16:12:30.498" 900.0 189841.74122278637 118087.63645447086 -109263.2999940541 observe 335.2323163789699 24.01998403131668 50.22388372835986 4323 30
"2030-01-04 16:27:30.498" 103.18781555476554 197878.37179397745 104722.00698874242 -109817.52841534137 slew "" "" "" "" ""
"2030-01-04 16:29:13.686" 900.0 198740.27249298984 103153.55303466902 -109880.92492977624 observe 336.73241563861836 26.436584630175393 50.48050909531515 4324 30
"2030-01-04 16:44:13.686" 103.00494541913439 205723.3326648701 89184.92194455532 -110432.58131968896 slew "" "" "" "" ""
"2030-01-04 16:45:56.691" 900.0 206460.4456952072 87554.93449787366 -110495.57133712685 observe 338.2911217926232 28.820805195766777 50.879798546697316 4325 30
"2030-01-04 17:00:56.691" 106.0820299190045 212345.15747101966 73066.56649713415 -111044.6596157911 slew "" "" "" "" ""
"2030-01-04 17:02:42.773" 900.0 212972.23585587245 71331.58643743985 -111109.22838579006 observe 340.2124657246452 26.30029016035162 52.71413473914885 1610 30
"2030-01-04 17:17:42.773" 103.13374034864714 217716.66444250385 56408.765461968374 -111655.74418360066 slew "" "" "" "" ""
"2030-01-04 17:19:25.906" 900.0 218193.8973646233 54677.37854284749 -111718.2242690806 observe 341.85447940186657 28.66298613601235 53.18110983015451 1609 30
"2030-01-04 17:34:25.906" 105.79291939499919 221769.76369568097 39410.82425219893 -112262.17866452824 slew "" "" "" "" ""
"2030-01-04 17:36:11.699" 900.0 222120.17885548412 37599.69746065391 -112325.96844755978 observe 343.663094575155 26.081981066761717 54.8215567969245 1588 30
"2030-01-04 17:51:11.699" 298.98325176965756 224499.7476018909 22080.45476302439 -112867.35823976004 slew "" "" "" "" ""
"2030-01-04 18:00:00.000" 1800.0 225391.63915031435 12897.497765490412 -113184.08675299291 downlink 58.70595232207506 -5.120072174424674 56.60718197188292 "" ""
"2030-01-04 18:30:00.000" 273.4957895361656 225599.93419447364 -18561.466876132596 -114257.30789087355 slew "" "" "" "" ""
"2030-01-04 18:34:33.496" 900.0 225247.46629067327 -23338.78945023031 -114419.57520826171 observe 354.70010611734654 17.212710958339734 61.82772597655634 1494 31
"2030-01-04 18:49:33.496" 105.66848730852513 223373.58783799785 -38999.802171109695 -114952.06459835832 slew "" "" "" "" ""
"2030-01-04 18:51:19.164" 900.0 223081.9366804686 -40830.15582852018 -115014.43424160022 observe 353.38399397343767 20.01913994409946 60.81094962734054 1511 31
"2030-01-04 19:06:19.164" 105.1605558672313 219991.53925670136 -56318.122021702846 -115544.37592156998 slew "" "" "" "" ""
"2030-01-04 19:08:04.325" 900.0 219559.96916966184 -58113.9248917514 -115606.14837297167 observe 350.1760055594496 20.395547461794294 59.309954235072716 1530 31
"2030-01-04 19:23:04.325" 104.24533320035007 215269.47305291804 -73334.52354315526 -116133.54742582818 slew "" "" "" "" ""
"2030-01-04 19:24:48.570" 900.0 214703.9221528199 -75078.33302634738 -116194.48811278898 observe 351.98882284225505 22.786531683802114 59.721461404632024 1529 31
"2030-01-04 19:39:48.570" 104.3228345525631 209237.511455068 -89938.97985419056 -116719.35067897236 slew "" "" "" "" ""
"2030-01-04 19:41:32.893" 900.0 208536.85333714663 -91637.0564960052 -116780.04286907053 observe 353.8905480122775 25.158649955416866 60.300157995371315 1528 31
"2030-01-04 19:56:32.893" 105.42117182826559 201924.69826387326 -106046.9203235759 -117302.3726113473 slew "" "" "" "" ""
"2030-01-04 19:58:18.314" 900.0 201084.44087798547 -107704.81644896114 -117363.4071682012 observe 350.50504207689335 25.510137921207093 58.54999948682212 1547 31
"2030-01-04 20:13:18.314" 104.04561891527506 193362.6182724881 -121575.00019535197 -117883.20521570332 slew "" "" "" "" ""
"2030-01-04 20:15:02.360" 900.0 192407.55484706032 -123143.92771160006 -117943.15113054124 observe 348.6836037687133 23.13173897262055 58.03889421994479 1548 31
"2030-01-04 20:30:02.360" 105.68229248958092 183621.64907127662 -136389.98629240086 -118460.4248734228 slew "" "" "" "" ""
"2030-01-04 20:31:48.042" 900.0 182529.36588823094 -137905.38035467593 -118521.01733284736 observe 347.0949153451699 25.818350554887058 56.6797853488984 1567 31
"2030-01-04 20:46:48.042" 103.74396733600612 172728.33712101215 -150444.58040454774 -119035.76662244773 slew "" "" "" "" ""
"2030-01-04 20:48:31.786" 900.0 171542.35351786733 -151846.23203859138 -119094.95726556907 observe 345.35645077593585 23.4385559597222 56.23519863621882 1568 31
"2030-01-04 21:03:31.786" 103.67022349377304 160784.98554127102 -163602.49791079503 -119607.19095746633 slew "" "" "" "" ""
"2030-01-04 21:05:15.456" 900.0 159493.19424653784 -164908.69186419342 -119666.04999829429 observe 343.6965796276654 21.04937471718378 55.946147839955785 1569 31
"2030-01-04 21:20:15.456" 105.51220723667949 147842.22033697035 -175809.30488716383 -120175.77229444368 slew "" "" "" "" ""
"2030-01-04 21:22:00.968" 900.0 146426.5236293485 -177034.22584792328 -120235.38266792028 observe 346.946182675123 20.739353079531842 57.68957773071106 1549 31
"2030-01-04 21:37:00.968" 103.90115871300785 133948.67881823206 -187009.68203831997 -120742.59301823439 slew "" "" "" "" ""
"2030-01-04 21:38:44.870" 900.0 132463.36642270148 -188105.4732596052 -120801.00368493241 observe 345.28365043131464 18.337059901937565 57.49722004295927 1550 31
"2030-01-04 21:53:44.870" 103.84284430462034 119233.3784928807 -197094.87419905348 -121305.71019722201 slew "" "" "" "" ""
"2030-01-04 21:55:28.712" 900.0 117666.53950749914 -198072.9129477722 -121363.79943074886 observe 343.68777303508784 15.928381294319445 57.45861999110466 1551 31
"2030-01-04 22:10:28.712" 105.254549741889 103762.47992191903 -206019.823998662 -121866.00635949433 slew "" "" "" "" ""
"2030-01-04 22:12:13.967" 900.0 102100.19528155787 -206886.09107613107 -121924.59300606481 observe 346.7809211946628 15.575024175071242 58.969254452407654 1532 31
"2030-01-04 22:27:13.967" 104.10779799608201 87603.54031596344 -213738.63373686097 -122424.30098258101 slew "" "" "" "" ""
"2030-01-04 22:28:58.075" 900.0 85895.77440723345 -214466.28401399875 -122481.96066430534 observe 348.4428314141471 17.990356346027855 59.060433626761885 1531 31
"2030-01-04 22:43:58.075" 105.09838663358546 70893.28023438546 -220181.85091586199 -122979.17670978245 slew "" "" "" "" ""
"2030-01-04 22:45:43.173" 900.0 69115.32788200292 -220781.2948737143 -123037.09412846321 observe 351.58221726573805 17.615126883845825 60.50258874061374 1512 31
"2030-01-04 23:00:43.173" 104.3518187628568 53695.882898897486 -225321.65923048262 -123531.81998622774 slew "" "" "" "" ""
"2030-01-04 23:02:27.525" 900.0 51887.526705535354 -225778.76102811767 -123589.03761106907 observe 349.8558961491971 15.19694537603067 60.35647564121909 1513 31
"2030-01-04 23:17:27.525" 104.84479835974119 36143.46376374086 -229114.73314049182 -124081.27935657135 slew "" "" "" "" ""
"2030-01-04 23:19:12.370" 900.0 34294.19033685754 -229432.18988128944 -124138.47808077687 observe 352.9112558544955 14.795293570504223 61.62524670230315 1495 31
"2030-01-04 23:34:12.370" 104.6659526294076 18319.547676222293 -231540.3218513815 -124628.23874797138 slew "" "" "" "" ""
"2030-01-04 23:35:57.036" 900.0 16452.16139931827 -231713.42017741676 -124685.05163755418 observe 355.9456223479507 14.37152466346304 62.77989782463212 1479 31
"2030-01-04 23:50:57.036" 270.25975905726546 342.7504594186445 -232578.43971010557 -125172.3359461889 slew "" "" "" "" ""
"2030-01-05 00:00:00.000" 1800.0 -9399.596097303982 -232558.5156550425 -125465.24011267757 downlink 54.50347783520599 -7.93701088064147 57.194083842184185 "" ""
"2030-01-05 00:30:00.000" 233.44802214304121 -41580.271677199155 -229573.80429444226 -126430.50124256211 slew "" "" "" "" ""
"2030-01-05 00:33:53.448" 900.0 -45718.99088034183 -228859.43936715418 -126555.04227600852 observe 12.772660375318633 -30.804439370200893 71.47259857512127 1723 126
"2030-01-05 00:48:53.448" 103.90220672203655 -61546.76447248807 -225408.76482925337 -127033.79106621217 slew "" "" "" "" ""
"2030-01-05 00:50:37.350" 900.0 -63358.673471366164 -224939.58524904939 -127088.9193296072 observe 10.838769471610378 -33.14228615317812 72.94705709367713 1737 126
"2030-01-05 01:05:37.350" 104.11032091917384 -78890.39025378587 -220269.0575844195 -127565.21298879385 slew "" "" "" "" ""
"2030-01-05 01:07:21.461" 900.0 -80666.20714560243 -219659.14645648224 -127620.16789240006 observe 8.785925844527883 -35.4575677051055 74.63596237659632 1752 126
"2030-01-05 01:22:21.461" 104.33384682823201 -95807.81119110047 -213793.87641277627 -128094.01030446234 slew "" "" "" "" ""
"2030-01-05 01:24:05.794" 900.0 -97536.84213700963 -213045.8971941305 -128148.7992560931 observe 6.598623554461934 -37.74397495611532 76.55872843769681 1768 126
"2030-01-05 01:39:05.794" 104.57594072666456 -112196.37974688139 -206018.23213171476 -128620.19428879434 slew "" "" "" "" ""
"2030-01-05 01:40:50.370" 900.0 -113868.16616973172 -205135.61381047757 -128674.82621996317 observe 4.25937027177809 -39.99417959553899 78.73739870398413 1786 126
"2030-01-05 01:55:50.370" 105.51156253195688 -127956.33811603238 -196984.96089377164 -129143.77771645178 slew "" "" "" "" ""
"2030-01-05 01:57:35.882" 900.0 -129570.95948483903 -195965.3365918521 -129198.61208881039 observe 2.641718268282013 -37.41033979375161 78.57259290203497 1785 126
"2030-01-05 02:12:35.882" 105.10200001054417 -143001.19038451143 -186737.2418143132 -129665.12222957326 slew "" "" "" "" ""
"2030-01-05 02:14:20.984" 900.0 -144527.84833781506 -185598.76336304817 -129719.45896961115 observe 0.1763630189470087 -39.62294686213698 80.94229375251268 1804 126
"2030-01-05 02:29:20.984" 106.03188040513083 -157218.17465275386 -175346.82577517335 -130183.53321999159 slew "" "" "" "" ""
"2030-01-05 02:31:07.016" 900.0 -158666.4501744634 -174080.9864466991 -130238.06385073268 observe 356.1468132276871 -39.17049769731899 83.05003070641001 1822 126
"2030-01-05 02:46:07.016" 105.63970883837439 -170538.16640571863 -162863.75743429706 -130699.7044474038 slew "" "" "" "" ""
"2030-01-05 02:47:52.655" 900.0 -171880.62629341127 -161493.0521448021 -130753.74805377242 observe 358.7296441087841 -37.00199140778489 80.49246569831888 1803 126
"2030-01-05 03:02:52.655" 105.34102658212052 -182860.82491186575 -149376.3253916743 -131212.96044794863 slew "" "" "" "" ""
"2030-01-05 03:04:37.997" 900.0 -184091.07866957368 -147908.281022194 -131266.56734884606 observe 1.1481306772527031 -34.77908528903416 78.2194525860638 1784 126
"2030-01-05 03:19:37.997" 105.94038346680392 -194112.0754387545 -134963.2371198437 -131723.356772879 slew "" "" "" "" ""
"2030-01-05 03:21:23.937" 900.0 -195232.60899385452 -133393.69437314713 -131776.9836494992 observe 4.948068091102981 -35.15246915446348 76.47349026897189 1767 126
"2030-01-05 03:36:23.937" 105.72826174138193 -204231.4848907126 -119695.92862460758 -132231.35318361627 slew "" "" "" "" ""
"2030-01-05 03:38:09.665" 900.0 -205226.2897855907 -118045.77303747088 -132284.58870200184 observe 3.4192040158621997 -32.51091666468166 76.2075366854465 1766 126
"2030-01-05 03:53:09.665" 105.97584916562893 -213146.95137731786 -103676.20427928102 -132736.54339002373 slew "" "" "" "" ""
"2030-01-05 03:54:55.641" 900.0 -214014.0480606645 -101947.99835495686 -132789.61945368184 observe 1.9971727859375696 -29.82431997457687 75.77938794967122 1765 126
"2030-01-05 04:09:55.641" 105.03480230734435 -220806.2947802825 -86991.43775603737 -133239.163243413 slew "" "" "" "" ""
"2030-01-05 04:11:40.676" 900.0 -221531.41444313247 -85215.21138501016 -133291.48703297976 observe 4.108564963514638 -27.506590696348855 74.09394110926317 1749 126
"2030-01-05 04:26:40.676" 105.61359875047287 -227153.11943440227 -69760.75984728304 -133738.626722364 slew "" "" "" "" ""
"2030-01-05 04:28:26.289" 900.0 -227742.57720630534 -67921.63005205468 -133790.95691135168 observe 7.579355165873669 -27.86985246892389 72.8849375906945 1735 126
"2030-01-05 04:43:26.289" 104.59767098450814 -232156.82837685617 -52060.745520547 -134235.69566515795 slew "" "" "" "" ""
"2030-01-05 04:45:10.887" 900.0 -232598.5364280512 -50197.53130730267 -134287.24384432234 observe 5.558293356369751 -30.205497347249807 74.43563416043771 1750 126
"2030-01-05 05:00:10.887" 105.669440700694 -235777.53828759422 -34024.862914217614 -134729.5886352311 slew "" "" "" "" ""
"2030-01-05 05:01:56.557" 900.0 -236077.25391839392 -32111.553845218597 -134781.38404848694 observe 7.112788464529108 -32.857604319802896 74.6221728114057 1751 126
"2030-01-05 05:16:56.557" 104.36576113669298 -237998.01475509116 -15723.15739795468 -135221.33687669208 slew "" "" "" "" ""
"2030-01-05 05:18:40.922" 900.0 -238147.2601282791 -13814.101327313449 -135272.21633944663 observe 9.151482001721666 -30.53293469670392 72.99833673285549 1736 126
"2030-01-05 05:33:40.922" 104.15581545273614 -238797.26883611883 2692.0231007298557 -135709.78485422273 slew "" "" "" "" ""
"2030-01-05 05:35:25.078" 900.0 -238798.64907709733 4605.171947295152 -135760.28632446777 observe 11.078098179150128 -28.184708827002318 71.58402746647565 1722 126
