initial-survey.ecsv
# %ECSV 1.0
# ---
# datatype:
# - {name: start_time, datatype: string}
# - {name: duration, unit: s, datatype: float64}
# - {name: observer_location.x, unit: km, datatype: float64}
# - {name: observer_location.y, unit: km, datatype: float64}
# - {name: observer_location.z, unit: km, datatype: float64}
# - {name: action, datatype: string}
# - {name: target_coord.ra, unit: deg, datatype: float64}
# - {name: target_coord.dec, unit: deg, datatype: float64}
# - {name: roll, unit: deg, datatype: float64}
# - {name: field_id, datatype: int64}
# - {name: block_id, datatype: int64}
# meta: !!omap
# - __serialized_columns__:
#     duration:
#       __class__: astropy.units.quantity.Quantity
#       unit: !astropy.units.Unit {unit: s}
#       value: !astropy.table.SerializedColumn {name: duration}
#     observer_location:
#       __class__: astropy.coordinates.earth.EarthLocation
#       ellipsoid: WGS84
#       x: !astropy.table.SerializedColumn
#         __class__: astropy.units.quantity.Quantity
#         unit: &id001 !astropy.units.Unit {unit: km}
#         value: !astropy.table.SerializedColumn
#           __class__: astropy.utils.masked.core.MaskedNDArray
#           data: !astropy.table.SerializedColumn {name: observer_location.x}
#       y: !astropy.table.SerializedColumn
#         __class__: astropy.units.quantity.Quantity
#         unit: *id001
#         value: !astropy.table.SerializedColumn
#           __class__: astropy.utils.masked.core.MaskedNDArray
#           data: !astropy.table.SerializedColumn {name: observer_location.y}
#       z: !astropy.table.SerializedColumn
#         __class__: astropy.units.quantity.Quantity
#         unit: *id001
#         value: !astropy.table.SerializedColumn
#           __class__: astropy.utils.masked.core.MaskedNDArray
#           data: !astropy.table.SerializedColumn {name: observer_location.z}
#     roll:
#       __class__: astropy.units.quantity.Quantity
#       unit: &id002 !astropy.units.Unit {unit: deg}
#       value: !astropy.table.SerializedColumn
#         __class__: astropy.utils.masked.core.MaskedNDArray
#         data: !astropy.table.SerializedColumn {name: roll}
#     start_time:
#       __class__: astropy.time.core.Time
#       format: iso
#       in_subfmt: '*'
#       out_subfmt: '*'
#       precision: 3
#       scale: utc
#       value: !astropy.table.SerializedColumn {name: start_time}
#     target_coord:
#       __class__: astropy.coordinates.sky_coordinate.SkyCoord
#       dec: !astropy.table.SerializedColumn
#         __class__: astropy.coordinates.angles.core.Latitude
#         unit: *id002
#         value: !astropy.table.SerializedColumn
#           __class__: astropy.utils.masked.core.MaskedNDArray
#           data: !astropy.table.SerializedColumn {name: target_coord.dec}
#       frame: icrs
#       ra: !astropy.table.SerializedColumn
#         __class__: astropy.coordinates.angles.core.Longitude
#         unit: *id002
#         value: !astropy.table.SerializedColumn
#           __class__: astropy.utils.masked.core.MaskedNDArray
#           data: !astropy.table.SerializedColumn {name: target_coord.ra}
#         wrap_angle: !astropy.coordinates.Angle
#           unit: *id002
#           value: 360.0
#       representation_type: unitspherical
# schema: astropy-2.0
start_time duration observer_location.x observer_location.y observer_location.z action target_coord.ra target_coord.dec roll field_id block_id
[from data line 1698]
"2030-01-11 07:43:12.918" 900.0 165983.1748700049 233264.1135225265 -106864.96275665487 observe 355.7406297282219 39.99417959553899 56.36174869792289 1582 49
"2030-01-11 07:58:12.918" 104.01521569215129 181354.93848433226 221280.46849697948 -106411.35746342744 slew "" "" "" "" ""
"2030-01-11 07:59:56.933" 900.0 183077.27191711293 219829.1391758197 -106358.85588593042 observe 358.2514867206119 42.19967015225253 57.96730714714865 1581 49
"2030-01-11 08:14:56.933" 103.50381680156092 197483.8737194232 206720.75751488315 -105903.91338351335 slew "" "" "" "" ""
"2030-01-11 08:16:40.437" 900.0 199081.94133100114 205151.58022696394 -105851.51626651912 observe 359.82363698105297 39.62294686213698 59.09153617898548 1561 49
"2030-01-11 08:31:40.437" 104.30693417353334 212441.801826479 190996.33427141907 -105395.23859480226 slew "" "" "" "" ""
"2030-01-11 08:33:24.744" 900.0 213926.3889907776 189298.3280909519 -105342.28018849468 observe 2.467203225244952 41.78077579851108 60.8058317999038 1560 49
"2030-01-11 08:48:24.744" 103.18285494771834 226162.6962775618 174178.7381293108 -104884.6676502734 slew "" "" "" "" ""
"2030-01-11 08:50:07.927" 900.0 227498.44715878175 172393.52757677846 -104832.1270834938 observe 0.9558639995718574 44.35055570800747 59.81666650782006 1580 49
"2030-01-11 09:05:07.927" 103.04393466296864 238543.1810624506 156399.4107138018 -104373.18255474212 slew "" "" "" "" ""
"2030-01-11 09:06:50.971" 900.0 239737.02301479285 154521.75865141343 -104320.56031220486 observe 359.29822363033344 46.87581749056527 58.68924920700043 1601 49
"2030-01-11 09:21:50.971" 103.93642750458051 249528.11230952342 137746.86597847744 -103860.28537181602 slew "" "" "" "" ""
"2030-01-11 09:23:34.907" 900.0 250584.14346221538 135768.33349557416 -103807.05372337221 observe 2.3006541531534057 48.958272939764 60.9558982354082 1600 49
"2030-01-11 09:38:34.907" 102.76760617689133 259065.50846854958 118310.13485733703 -103345.44859853701 slew "" "" "" "" ""
"2030-01-11 09:40:17.675" 900.0 259957.359103822 116281.62884234877 -103292.66384954841 observe 3.877910153584325 46.43533489049163 61.93280533018174 1579 49
"2030-01-11 09:55:17.675" 102.89411313116803 267083.2830465142 98242.79217553807 -102829.73151405751 slew "" "" "" "" ""
"2030-01-11 09:57:00.569" 900.0 267818.8664726533 96151.3552028944 -102776.7301238126 observe 5.309957196189235 43.872873872840394 62.77104258470681 1559 49
"2030-01-11 10:12:00.569" 104.43711584492237 273549.8688806477 77636.87796304311 -102312.47185206934 slew "" "" "" "" ""
"2030-01-11 10:13:45.006" 900.0 274132.52721749723 75465.05759969655 -102258.5217545127 observe 8.374399069749638 45.886630955883476 65.0082851405219 1558 49
"2030-01-11 10:28:45.006" 102.63735602035027 278435.21308672614 56582.158931934006 -101792.93697042717 slew "" "" "" "" ""
"2030-01-11 10:30:27.644" 900.0 278843.63210677257 54412.020373902575 -101739.76553451872 observe 7.043739938022715 48.440631831574116 64.34091294150481 1578 49
"2030-01-11 10:45:27.644" 102.52496911724057 281697.6818721607 35271.10106756119 -101272.85809591204 slew "" "" "" "" ""
"2030-01-11 10:47:10.169" 900.0 281939.6646697273 33080.25052593955 -101219.59430341715 observe 5.572126787990742 50.96069258930711 63.53783146270801 1599 49
"2030-01-11 11:02:10.169" 104.66612629490513 283330.8098815657 13792.318737525222 -100751.36585918769 slew "" "" "" "" ""
"2030-01-11 11:03:54.835" 900.0 283407.0324460931 11545.099839765915 -100696.83598927765 observe 10.260667802083274 50.611318092579936 66.94705327914167 1359 49
"2030-01-11 11:18:54.835" 103.68287739847571 283326.1978235769 -7778.11859570299 -100227.28524609304 slew "" "" "" "" ""
"2030-01-11 11:20:38.518" 900.0 283232.20469372923 -10001.827542368988 -100173.11546817984 observe 8.756913974628798 53.27761428209985 66.23731361555 1358 49
"2030-01-11 11:35:38.518" 102.82741771698402 281683.4321701849 -29248.24447541155 -99702.24527150545 slew "" "" "" "" ""
"2030-01-11 11:37:21.345" 900.0 281423.05174513464 -31438.45989764554 -99648.37183657884 observe 13.336901368638983 53.18173451186185 69.69122626203534 1347 49
"2030-01-11 11:52:21.345" 104.21041548921662 278418.6998296687 -50496.87716331108 -99176.18488496373 slew "" "" "" "" ""
"2030-01-11 11:54:05.555" 900.0 277987.139485549 -52688.3622992846 -99121.43438945994 observe 11.86030808246791 55.91609675715793 69.10973983328554 1346 49
"2030-01-11 12:09:05.555" 370.85567821955345 273544.7750551602 -71448.31503659896 -98647.9304701615 slew "" "" "" "" ""
"2030-01-11 12:00:00.000" 1800.0 276390.21208508173 -60113.94534105578 -98935.09643241114 downlink 234.61063215740927 -4.728667095903263 -67.27028405651875 "" ""
"2030-01-11 12:30:00.000" 435.74491769796106 265248.0021942868 -96977.66709238918 -97985.98130748131 slew "" "" "" "" ""
"2030-01-11 12:37:15.745" 900.0 261804.94847074358 -105639.80227975284 -97755.51078547051 observe 32.98244209462731 -20.947245820782726 65.98702252213096 2123 22
"2030-01-11 12:52:15.745" 103.93771461756381 253802.11951486312 -123135.85369647449 -97278.6175795133 slew "" "" "" "" ""
"2030-01-11 12:53:59.683" 900.0 252801.84680562574 -125119.33871898397 -97223.46721255289 observe 34.271186935851965 -18.319295866939733 65.63418878291844 2122 22
"2030-01-11 13:08:59.683" 103.83170849344677 243498.41758617296 -141942.2091397071 -96745.26337598743 slew "" "" "" "" ""
"2030-01-11 13:10:43.514" 900.0 242352.21960372844 -143840.3624931588 -96690.01815921912 observe 36.312326698309235 -20.45531604625281 64.76716604178291 2102 22
"2030-01-11 13:25:43.514" 104.27936045682597 231804.29771070642 -159893.57102470318 -96210.50557255434 slew "" "" "" "" ""
"2030-01-11 13:27:27.794" 900.0 230512.46256706465 -161705.2924506595 -96154.87060473546 observe 37.53995679155509 -17.75907660086599 64.5509015821541 2101 22
"2030-01-11 13:42:27.794" 103.78476294940772 218782.66257346465 -176896.4980761278 -95674.05046139334 slew "" "" "" "" ""
"2030-01-11 13:44:11.578" 900.0 217364.610698871 -178595.14306881442 -95618.52872868764 observe 39.59662998736265 -19.848932082097722 63.55295393547438 2082 22
"2030-01-11 13:59:11.578" 105.69472829965122 204523.43554262765 -192837.96136671855 -95136.40348374541 slew "" "" "" "" ""
"2030-01-11 14:00:57.273" 900.0 202953.0176311467 -194451.5001905312 -95079.70666979178 observe 42.828525530469946 -19.132145690998158 62.35687900785059 2063 22
"2030-01-11 14:15:57.273" 103.76822285481238 189074.84415942608 -207662.75071861473 -94596.27569210067 slew "" "" "" "" ""
"2030-01-11 14:17:41.041" 900.0 187418.2442943772 -209123.60634317386 -94540.46199899736 observe 40.76226140029055 -17.090050375081667 63.47949169441897 2081 22
"2030-01-11 14:32:41.041" 103.57705299734826 172587.324695618 -221230.16048792948 -94055.72967568554 slew "" "" "" "" ""
"2030-01-11 14:34:24.618" 900.0 170829.08640385827 -222557.13913732136 -93999.86916488377 observe 38.743370147691074 -15.050105901770902 64.47345389463914 2100 22
"2030-01-11 14:49:24.618" 104.51873815434087 155133.19213873227 -233490.73273589977 -93513.83766561282 slew "" "" "" "" ""
"2030-01-11 14:51:09.137" 900.0 153263.76057522083 -234689.78614736313 -93457.31845785603 observe 39.929066805233994 -12.330776873406348 64.53397835183848 2099 22
"2030-01-11 15:06:09.137" 104.65422296220018 136794.6979245953 -244387.688674363 -92969.98852722568 slew "" "" "" "" ""
"2030-01-11 15:07:53.791" 900.0 134838.49820441764 -245441.29903490443 -92913.24517599924 observe 41.10352480471976 -9.603380404328792 64.73270300983944 2098 22
"2030-01-11 15:22:53.791" 105.09081932381464 117693.21339477283 -253848.96484452533 -92424.61864419561 slew "" "" "" "" ""
"2030-01-11 15:24:38.882" 900.0 115655.70113132107 -254753.40487602638 -92367.48725603239 observe 42.15284161534851 -6.786561817485434 65.11997260452128 1090 22
"2030-01-11 15:39:38.882" 103.92061175652688 97934.8232704718 -261823.46488515195 -91877.5656075448 slew "" "" "" "" ""
"2030-01-11 15:41:22.803" 900.0 95859.52868491923 -262561.0825217193 -91820.92105210014 observe 44.15870022312779 -8.753459142484399 64.1041174677433 1091 22
"2030-01-11 15:56:22.803" 103.40433710398136 77667.69892916907 -268256.21705230704 -91329.7078816997 slew "" "" "" "" ""
"2030-01-11 15:58:06.207" 900.0 75554.69233341404 -268830.32484859537 -91273.19650663743 observe 46.115344335789544 -10.668772752439047 63.0005027556859 2060 22
"2030-01-11 16:13:06.207" 103.43318948639111 56998.569259510834 -273120.47891627555 -90780.69460521934 slew "" "" "" "" ""
"2030-01-11 16:14:49.640" 900.0 54849.302139097104 -273531.8308136894 -90724.01947540042 observe 48.08562126213063 -12.570171253342071 61.78645409007791 2042 22
"2030-01-11 16:29:49.640" 105.503062370455 36037.22862023853 -276394.433619964 -90230.23097556987 slew "" "" "" "" ""
"2030-01-11 16:31:35.143" 900.0 33821.339638191486 -276645.5103896489 -90172.2708320254 observe 47.04516174085178 -15.44117320095403 61.418272567375034 2043 22
"2030-01-11 16:46:35.143" 103.6070950000459 14862.807481410538 -278063.39269222104 -89677.19530044474 slew "" "" "" "" ""
"2030-01-11 16:48:18.751" 900.0 12676.255247089563 -278143.3133172626 -89620.12885049486 observe 45.02574979378842 -13.494243215546074 62.64578810856767 2061 22
"2030-01-11 17:03:18.751" 103.3906930494596 -6317.953868851508 -278113.43354269594 -89123.77097529176 slew "" "" "" "" ""
"2030-01-11 17:05:02.141" 900.0 -8497.689876100865 -278026.8894846026 -89066.67655246567 observe 43.047186308670554 -11.547385828870377 63.74954727928315 2079 22
"2030-01-11 17:20:02.141" 104.8911706977626 -27417.16573508353 -276552.24601445347 -88569.03891384475 slew "" "" "" "" ""
"2030-01-11 17:21:47.032" 900.0 -29613.39501221952 -276296.43215491495 -88510.96677081859 observe 41.91024881721196 -14.322117867167094 63.544987406749804 2080 22
"2030-01-11 17:36:47.032" 103.57754549178205 -48347.99719719414 -273385.9900935482 -88012.04980937154 slew "" "" "" "" ""
"2030-01-11 17:38:30.610" 900.0 -50489.17480894923 -272969.216891132 -87954.55794528483 observe 43.932360524509185 -16.3160628615088 62.43167060271661 2062 22
"2030-01-11 17:53:30.610" 103.78198368714212 -68930.50024060119 -268644.31207869836 -87454.36573102795 slew "" "" "" "" ""
"2030-01-11 17:55:14.392" 900.0 -71035.88914108738 -268065.0402384959 -87396.61346269159 observe 46.001939262832266 -18.309316765007825 61.19031907620863 2044 22
"2030-01-11 18:10:14.392" 431.83754506866336 -89077.1543892684 -262353.0563737665 -86895.14817906021 slew "" "" "" "" ""
"2030-01-11 18:00:00.000" 1800.0 -76804.5569221121 -266385.6926706585 -87237.6008526462 downlink 232.2329526568353 -0.8176872804658084 -65.75718105921705 "" ""
"2030-01-11 18:30:00.000" 382.3031650211698 -112147.52916608115 -252981.5253174981 -86232.80804654707 slew "" "" "" "" ""
"2030-01-11 18:36:22.303" 900.0 -119390.3118332255 -249523.58589653927 -86018.81352664165 observe 18.5137317985048 39.48491371957631 70.30466884539918 1352 48
"2030-01-11 18:51:22.303" 104.36642085268629 -136011.39562818504 -240569.29100070728 -85514.2289436298 slew "" "" "" "" ""
"2030-01-11 18:53:06.670" 900.0 -137897.24635101535 -239458.45545383444 -85455.64256397993 observe 22.22592822137856 38.89573163924224 72.34437047737524 1336 48
"2030-01-11 19:08:06.670" 103.91934971937201 -153771.7453493753 -229272.62854231524 -84949.79298958182 slew "" "" "" "" ""
"2030-01-11 19:09:50.589" 900.0 -155557.98559516118 -228027.81358853783 -84891.31169608823 observe 22.867310595507472 36.119324072214894 72.09902386592181 1337 48
"2030-01-11 19:24:50.589" 105.91153097354828 -170595.16223624517 -216672.5977671968 -84384.20034845926 slew "" "" "" "" ""
"2030-01-11 19:26:36.500" 900.0 -172311.84262361177 -215270.07538439782 -84324.44946824812 observe 25.88359793265568 38.14893148271851 74.23265586816177 1315 48
"2030-01-11 19:41:36.500" 104.417615540239 -186423.77379981295 -202811.66530214075 -83816.07655369476 slew "" "" "" "" ""
"2030-01-11 19:43:20.918" 900.0 -188004.1876018889 -201305.25670131433 -83757.02237967803 observe 26.414073074118722 35.32487622935982 73.77405012491211 1316 48
"2030-01-11 19:58:20.918" 104.26089049059058 -201111.643423897 -187820.05249389348 -83247.39252635301 slew "" "" "" "" ""
"2030-01-11 20:00:05.179" 900.0 -202568.89984124646 -186201.52855702818 -83188.2815514159 observe 26.91060248183236 32.51377233001219 73.30078690096846 1317 48
"2030-01-11 20:15:05.179" 105.0244569109933 -214597.5217695483 -171770.25777431967 -82677.3977550798 slew "" "" "" "" ""
"2030-01-11 20:16:50.203" 900.0 -215935.41199041548 -170034.36251466547 -82617.7076565448 observe 23.461376808040377 33.35455813856564 71.82522785284431 1338 48
"2030-01-11 20:31:50.203" 103.61148194618579 -226816.2284712305 -154742.36020982233 -82105.57181418773 slew "" "" "" "" ""
"2030-01-11 20:33:33.815" 900.0 -228000.4186540531 -152935.9434924966 -82046.54089929232 observe 24.015691436953496 30.602633479125828 71.5312867632876 1339 48
"2030-01-11 20:48:33.815" 104.99058700563432 -237673.82939649385 -136875.2044874673 -81533.15766436685 slew "" "" "" "" ""
"2030-01-11 20:50:18.805" 900.0 -238729.5437344094 -134960.4816121403 -81473.19558203426 observe 20.60119867597758 31.346224954388166 70.08342397551799 1355 48
"2030-01-11 21:05:18.805" 103.14768383372981 -247139.77210208788 -118225.20388295558 -80958.56618524606 slew "" "" "" "" ""
"2030-01-11 21:07:01.953" 900.0 -248029.5095165197 -116272.45837664901 -80899.51409986036 observe 19.959775677044643 34.04804176629082 70.1923602608441 1354 48
"2030-01-11 21:22:01.953" 103.30090249199824 -255132.33208771312 -98962.707620627 -80383.64381264575 slew "" "" "" "" ""
"2030-01-11 21:23:45.254" 900.0 -255870.94933773292 -96946.91686631381 -80324.36174385416 observe 19.267057160587306 36.76140283382463 70.26941493786498 1353 48
"2030-01-11 21:38:45.254" 104.96655142286542 -261627.37988839898 -79164.54971734232 -79807.2534083172 slew "" "" "" "" ""
"2030-01-11 21:40:30.221" 900.0 -262218.7969187519 -77067.15321578413 -79746.87112722384 observe 15.559291332144726 37.38184253323926 68.28581179562839 1485 48
"2030-01-11 21:55:30.221" 102.93077375376023 -266595.6710826919 -58916.17901774138 -79228.52577495213 slew "" "" "" "" ""
"2030-01-11 21:57:13.151" 900.0 -267016.5508275044 -56823.41427072453 -79169.17342714373 observe 16.362031221921086 34.71738795911637 68.40825767334452 1470 48
"2030-01-11 22:12:13.151" 103.04304431946179 -269993.90982459055 -38411.10724727514 -78649.596691437 slew "" "" "" "" ""
"2030-01-11 22:13:56.194" 900.0 -270254.02566492034 -36292.288420429046 -78590.0387946658 observe 17.117998895931404 32.031522602607815 68.49118801632973 1456 48
"2030-01-11 22:28:56.194" 105.22328225824526 -271817.19918745244 -17726.393122492784 -78069.23370971096 slew "" "" "" "" ""
"2030-01-11 22:30:41.418" 900.0 -271916.78138151247 -15551.115481523364 -78008.27207571402 observe 13.574286971816402 32.6818565349879 66.76155542067336 1471 48
"2030-01-11 22:45:41.418" 105.30893699468 -272056.4546127969 3059.865832673125 -77486.2392014812 slew "" "" "" "" ""
"2030-01-11 22:47:26.727" 900.0 -271989.5161282381 5235.806497187143 -77425.08446442753 observe 10.943862903786652 30.568869822628308 65.33216249186037 1472 48
"2030-01-11 23:02:26.727" 105.27612068094027 -270707.6803215218 23782.844465072216 -76901.82697760017 slew "" "" "" "" ""
"2030-01-11 23:04:12.003" 900.0 -270474.9443982331 25944.267603215838 -76840.54824650695 observe 7.422151132100864 31.129730495361372 63.528512634449704 1488 48
"2030-01-11 23:19:12.003" 105.1046446668081 -267782.09985893685 44318.90808872692 -76316.06951576736 slew "" "" "" "" ""
"2030-01-11 23:20:57.107" 900.0 -267385.91673664394 46450.3902043031 -76254.74818471161 observe 9.973197618774716 33.28725360648285 64.89365757403387 1487 48
"2030-01-11 23:35:57.107" 105.1616323066288 -263301.0190462541 64545.449236264656 -75729.0517936837 slew "" "" "" "" ""
"2030-01-11 23:37:42.269" 900.0 -262743.3803897058 66639.22238836238 -75667.55513028453 observe 12.680865498037138 35.375020551332206 66.47566861525316 1486 48
