initial-survey.ecsv
# %ECSV 1.0
# ---
# datatype:
# - {name: start_time, datatype: string}
# - {name: duration, unit: s, datatype: float64}
# - {name: observer_location.x, unit: km, datatype: float64}
# - {name: observer_location.y, unit: km, datatype: float64}
# - {name: observer_location.z, unit: km, datatype: float64}
# - {name: action, datatype: string}
# - {name: target_coord.ra, unit: deg, datatype: float64}
# - {name: target_coord.dec, unit: deg, datatype: float64}
# - {name: roll, unit: deg, datatype: float64}
# - {name: field_id, datatype: int64}
# - {name: block_id, datatype: int64}
# meta: !!omap
# - __serialized_columns__:
#     duration:
#       __class__: astropy.units.quantity.Quantity
#       unit: !astropy.units.Unit {unit: s}
#       value: !astropy.table.SerializedColumn {name: duration}
#     observer_location:
#       __class__: astropy.coordinates.earth.EarthLocation
#       ellipsoid: WGS84
#       x: !astropy.table.SerializedColumn
#         __class__: astropy.units.quantity.Quantity
#         unit: &id001 !astropy.units.Unit {unit: km}
#         value: !astropy.table.SerializedColumn
#           __class__: astropy.utils.masked.core.MaskedNDArray
#           data: !astropy.table.SerializedColumn {name: observer_location.x}
#       y: !astropy.table.SerializedColumn
#         __class__: astropy.units.quantity.Quantity
#         unit: *id001
#         value: !astropy.table.SerializedColumn
#           __class__: astropy.utils.masked.core.MaskedNDArray
#           data: !astropy.table.SerializedColumn {name: observer_location.y}
#       z: !astropy.table.SerializedColumn
#         __class__: astropy.units.quantity.Quantity
#         unit: *id001
#         value: !astropy.table.SerializedColumn
#           __class__: astropy.utils.masked.core.MaskedNDArray
#           data: !astropy.table.SerializedColumn {name: observer_location.z}
#     roll:
#       __class__: astropy.units.quantity.Quantity
#       unit: &id002 !astropy.units.Unit {unit: deg}
#       value: !astropy.table.SerializedColumn
#         __class__: astropy.utils.masked.core.MaskedNDArray
#         data: !astropy.table.SerializedColumn {name: roll}
#     start_time:
#       __class__: astropy.time.core.Time
#       format: iso
#       in_subfmt: '*'
#       out_subfmt: '*'
#       precision: 3
#       scale: utc
#       value: !astropy.table.SerializedColumn {name: start_time}
#     target_coord:
#       __class__: astropy.coordinates.sky_coordinate.SkyCoord
#       dec: !astropy.table.SerializedColumn
#         __class__: astropy.coordinates.angles.core.Latitude
#         unit: *id002
#         value: !astropy.table.SerializedColumn
#           __class__: astropy.utils.masked.core.MaskedNDArray
#           data: !astropy.table.SerializedColumn {name: target_coord.dec}
#       frame: icrs
#       ra: !astropy.table.SerializedColumn
#         __class__: astropy.coordinates.angles.core.Longitude
#         unit: *id002
#         value: !astropy.table.SerializedColumn
#           __class__: astropy.utils.masked.core.MaskedNDArray
#           data: !astropy.table.SerializedColumn {name: target_coord.ra}
#         wrap_angle: !astropy.coordinates.Angle
#           unit: *id002
#           value: 360.0
#       representation_type: unitspherical
# schema: astropy-2.0
start_time duration observer_location.x observer_location.y observer_location.z action target_coord.ra target_coord.dec roll field_id block_id
"2030-01-01 00:00:00.000" 1800.0 -81737.08260564924 139031.69300844407 46928.760288478006 downlink 174.52342132094637 34.12850597730938 -78.6524136452997 "" ""
"2030-01-01 00:30:00.000" 423.27564226161246 -59872.40031717 148039.14072450195 47965.94335333718 slew "" "" "" "" ""
"2030-01-01 00:37:03.276" 900.0 -54579.69599737357 149672.47133136785 48207.88992731547 observe 344.18834322089003 -13.804788867395922 71.08050264634997 1832 33
"2030-01-01 00:52:03.276" 104.70299842673333 -43188.330883028124 152519.44368833504 48719.80365288032 slew "" "" "" "" ""
"2030-01-01 00:53:47.979" 900.0 -41853.13462577569 152795.00728187078 48779.131858911234 observe 347.12155305124713 -14.338103179517004 71.14563886186212 1813 33
"2030-01-01 01:08:47.979" 106.52165747570655 -30315.776764116083 154682.52400943477 49287.12835569011 slew "" "" "" "" ""
"2030-01-01 01:10:34.500" 900.0 -28944.842800043185 154848.74914076872 49347.017428092746 observe 344.9155981053707 -16.643970122399402 72.57401825259372 1833 33
"2030-01-01 01:25:34.500" 104.96025081784262 -17341.64597069656 155769.34762217986 49850.99453790307 slew "" "" "" "" ""
"2030-01-01 01:27:19.461" 900.0 -15987.827251738316 155820.39227011453 49909.531763963554 observe 341.93677873386974 -16.0879048221708 72.5672862481052 1853 33
"2030-01-01 01:42:19.461" 105.01701659201797 -4399.223999150576 155776.5328871987 50409.39932697172 slew "" "" "" "" ""
"2030-01-01 01:44:04.478" 900.0 -3051.043421216341 155715.3854518496 50467.48299493467 observe 338.98934807323985 -15.522375044591834 72.43319525555462 1874 33
"2030-01-01 01:59:04.478" 108.23408209690828 8443.21624841216 154714.61935100728 50963.14298254946 slew "" "" "" "" ""
"2030-01-01 02:00:52.712" 900.0 9816.560818653792 154537.068069471 51022.49319743257 observe 339.5849109346037 -18.315342563809214 74.273335152218 1875 33
"2030-01-01 02:15:52.712" 105.1921793137804 21137.120234328737 152590.58199741453 51513.832390620395 slew "" "" "" "" ""
"2030-01-01 02:17:37.904" 900.0 22447.04238170545 152308.74348470694 51571.00444297262 observe 342.6099763440293 -18.898205448809755 74.2169653952195 1854 33
"2030-01-01 02:32:37.904" 107.08661828474918 33517.2212784964 149440.06793804644 52057.93493870396 slew "" "" "" "" ""
"2030-01-01 02:34:24.990" 900.0 34816.40234295372 149044.8129384449 52115.60548869962 observe 340.19657836775775 -21.093270924080024 76.09126895459481 1876 33
"2030-01-01 02:49:24.990" 108.12037765857198 45560.57617841658 145279.2320743224 52598.01641981886 slew "" "" "" "" ""
"2030-01-01 02:51:13.111" 900.0 46828.69651642681 144774.23776335994 52655.694226975815 observe 340.8278298721224 -23.85497637274641 77.87420908405417 1877 33
"2030-01-01 03:06:13.111" 107.09782533130938 57173.866987097535 140144.04497849537 53133.47664966326 slew "" "" "" "" ""
"2030-01-01 03:08:00.209" 900.0 58378.341212326835 139543.20910783016 53190.05220140142 observe 343.3068156122474 -21.692550496909238 75.83185361439978 1855 33
"2030-01-01 03:23:00.209" 105.31769834761593 68255.4950107432 134088.3338807583 53663.10512019315 slew "" "" "" "" ""
"2030-01-01 03:24:45.526" 900.0 69381.31944669968 133403.57147322877 53718.18111614526 observe 346.4556495640855 -22.273258529177834 75.44486827864226 1835 33
"2030-01-01 03:39:45.526" 105.31064068061994 78725.71872724238 127169.96077453047 54186.406050316524 slew "" "" "" "" ""
"2030-01-01 03:41:30.837" 900.0 79785.45596643594 126396.9361963674 54240.90712171044 observe 349.64274564026886 -22.831436087854364 74.93592500068932 1816 33
"2030-01-01 03:56:30.837" 106.16128367691523 88535.6718053476 119434.26726926108 54704.19588238023 slew "" "" "" "" ""
"2030-01-01 03:58:16.998" 900.0 89530.40258968988 118572.09654338099 54758.54823402106 observe 351.8936173308283 -20.55035371058889 73.30391971083915 1797 33
"2030-01-01 04:13:16.998" 105.130690846808 97628.91729136527 110934.35069871783 55216.78681030967 slew "" "" "" "" ""
"2030-01-01 04:15:02.129" 900.0 98534.76757822715 110005.10220683312 55270.015430925814 observe 348.7646100695679 -20.019204910075175 73.72679586673263 1815 33
"2030-01-01 04:30:02.129" 105.13232829107945 105930.17291528833 101751.96949003813 55723.09781781816 slew "" "" "" "" ""
"2030-01-01 04:31:47.261" 900.0 106751.07013036523 100754.43022038192 55775.71840494461 observe 345.6699060617779 -19.46733921563426 74.03285304482851 1834 33
"2030-01-01 04:46:47.261" 106.51119075961583 113396.53948913644 91948.9096290925 56223.53201644869 slew "" "" "" "" ""
"2030-01-01 04:48:33.772" 900.0 114136.8376840683 90876.75203849768 56276.21205404083 observe 347.9259216673523 -17.187446991545954 72.45929694480688 1814 33
"2030-01-01 05:03:33.772" 104.92111101361051 119989.97020699899 81584.79977924003 56718.63540392027 slew "" "" "" "" ""
"2030-01-01 05:05:18.694" 900.0 120624.74020932644 80475.9985626548 56769.89438772732 observe 350.9675451738181 -17.715253736019637 72.22827071534756 1796 33
"2030-01-01 05:20:18.694" 106.78286525260314 125651.30031574504 70768.0828751472 57206.82049192149 slew "" "" "" "" ""
"2030-01-01 05:22:05.476" 900.0 126197.3086428405 69594.4577232826 57258.3292751923 observe 350.0831964092396 -14.860262882748067 71.09547956379865 1795 33
"2030-01-01 05:37:05.476" 106.8320079025302 130366.27156625375 59542.249767258334 57689.630797992715 slew "" "" "" "" ""
"2030-01-01 05:38:52.308" 900.0 130809.23057463478 58331.60856895578 57740.488602426594 observe 349.23545972228794 -11.987485049015666 69.9172251619136 1794 33
"2030-01-01 05:53:52.308" 422.2958046992337 134097.29471645216 48009.690700367115 58166.04659482561 slew "" "" "" "" ""
"2030-01-01 06:00:00.000" 1800.0 135210.50175489497 43738.39782202038 58338.40569468287 downlink 158.64579370092247 35.157631187844856 -87.522002615861 "" ""
"2030-01-01 06:30:00.000" 406.7795748062699 138709.11121300838 22542.48175331561 59169.34412224998 slew "" "" "" "" ""
"2030-01-01 06:36:46.780" 900.0 139048.52949846676 17719.333913860602 59354.12347057635 observe 346.13161354766385 -0.35211569978028123 64.93455664863191 1790 31
"2030-01-01 06:51:46.780" 106.80352116190036 139208.3459423385 7056.537010908383 59758.93057548031 slew "" "" "" "" ""
"2030-01-01 06:53:33.583" 900.0 139173.4105872262 5794.094660990399 59806.59851203282 observe 346.87091418730415 -3.279969832586127 66.20688232073479 1791 31
"2030-01-01 07:08:33.583" 106.85809046297197 138427.674940488 -4795.246256793259 60205.117561417304 slew "" "" "" "" ""
"2030-01-01 07:10:20.441" 900.0 138285.8104850282 -6045.056670348914 60252.055792265564 observe 347.6328063431102 -6.195857580115221 67.473928138254 1792 31
"2030-01-01 07:25:20.441" 103.8249901824417 136646.77381051122 -16484.578706296194 60644.16051982277 slew "" "" "" "" ""
"2030-01-01 07:27:04.266" 900.0 136406.99954471661 -17677.31813254198 60689.02029955411 observe 344.8730242909221 -5.701564330469316 67.03813668569092 1810 31
"2030-01-01 07:42:04.266" 106.45897468494391 133895.97060172207 -27892.90595947303 61074.603446565314 slew "" "" "" "" ""
"2030-01-01 07:43:50.725" 900.0 133548.18823082524 -29085.041262984585 61119.82131628801 observe 342.8003431643099 -8.084983803092664 68.04089199437826 1830 31
"2030-01-01 07:58:50.725" 104.18023132611371 130187.77897874602 -39003.34689138249 61498.73769740539 slew "" "" "" "" ""
"2030-01-01 08:00:34.905" 900.0 129750.91193706544 -40131.47883514169 61542.20938927128 observe 345.5986470682137 -8.593655851592978 68.43989305249632 1811 31
"2030-01-01 08:15:34.905" 104.1460668148408 125573.91783032827 -49683.06579612012 61914.34515464869 slew "" "" "" "" ""
"2030-01-01 08:17:19.051" 900.0 125044.7176200177 -50764.45500437574 61957.01047013289 observe 348.41992320343275 -9.098806137970977 68.72664479208427 1793 31
"2030-01-01 08:32:19.051" 106.28974444349956 120087.7831158351 -59882.304327413156 62322.2359677146 slew "" "" "" "" ""
"2030-01-01 08:34:05.341" 900.0 119457.8735337084 -60930.84270398017 62364.95477888381 observe 346.3470687421587 -11.472967546213273 69.82828516287671 1812 31
"2030-01-01 08:49:05.341" 104.4632780393753 113761.58657719153 -69550.26677143434 62723.123915001284 slew "" "" "" "" ""
"2030-01-01 08:50:49.804" 900.0 113059.4219573229 -70519.44200411685 62764.28270573274 observe 343.48434772939487 -10.95132892391478 69.58700283396846 1831 31
"2030-01-01 09:05:49.804" 106.74836544382569 106672.50004522197 -78581.62039790506 63115.276174745544 slew "" "" "" "" ""
"2030-01-01 09:07:36.553" 900.0 105875.9807850256 -79502.4525909751 63156.475342261365 observe 341.2835388982793 -13.263036513413788 70.92766729142632 1852 31
"2030-01-01 09:22:36.553" 104.83482710570875 98849.19983504365 -86950.61333241804 63500.143441009095 slew "" "" "" "" ""
"2030-01-01 09:24:21.388" 900.0 97995.72438857051 -87780.44032060585 63539.74381637489 observe 338.40684399193265 -12.715561184855938 70.60743519546773 1873 31
"2030-01-01 09:39:21.388" 106.94798061930197 90387.0086870587 -94565.09595001426 63875.96644702151 slew "" "" "" "" ""
"2030-01-01 09:41:08.336" 900.0 89450.6466711798 -95329.91373204063 63915.47135713193 observe 340.6470577066659 -10.424925057108213 69.22628637637253 1851 31
"2030-01-01 09:56:08.336" 104.60594899109209 81319.64480664441 -101404.03213530597 64244.09773787849 slew "" "" "" "" ""
"2030-01-01 09:57:52.942" 900.0 80346.83332431868 -102067.17738317144 64281.847789421234 observe 337.8347351495694 -9.896070200838736 68.74013574560061 1872 31
"2030-01-01 10:12:52.942" 106.86273249090334 71759.05778144821 -107392.32109627589 64602.76005887561 slew "" "" "" "" ""
"2030-01-01 10:14:39.804" 900.0 70714.91427144034 -107978.59027095082 64640.39947823741 observe 340.02457174687396 -7.57479276430809 67.52463306299589 1850 31
"2030-01-01 10:29:39.804" 104.34522724504922 61736.882173839316 -112518.63279613212 64953.4438169501 slew "" "" "" "" ""
"2030-01-01 10:31:24.150" 900.0 60676.16495934487 -112998.42090678005 64989.27752971196 observe 337.2707048878502 -7.065007084334333 66.88525307271972 1871 31
"2030-01-01 10:46:24.150" 106.76913685624938 51378.809540619346 -116726.9271299228 65294.336898260066 slew "" "" "" "" ""
"2030-01-01 10:48:10.919" 900.0 50259.768202197345 -117120.03205099852 65330.046458794815 observe 339.4137221998941 -4.713712136968877 65.83268799314321 1849 31
"2030-01-01 11:03:10.919" 103.93904244515224 40714.51992096989 -120012.74959689587 65626.96405188214 slew "" "" "" "" ""
"2030-01-01 11:04:54.858" 900.0 39600.78020784125 -120298.00967075721 65660.78017088909 observe 342.13354296128995 -5.206962116061526 66.49266575233239 1829 31
"2030-01-01 11:19:54.858" 106.40693864584898 29881.854516551735 -122341.36052238988 65949.44134723712 slew "" "" "" "" ""
"2030-01-01 11:21:41.265" 900.0 28725.50743184366 -122532.16598082772 65983.0748776939 observe 344.1674598402156 -2.7978188144139056 65.63257925784859 1809 31
"2030-01-01 11:36:41.265" 103.5190904105562 18907.155210093857 -123714.52257944187 66263.3211831563 slew "" "" "" "" ""
"2030-01-01 11:38:24.784" 900.0 17775.080915932962 -123800.96545889878 66295.06746941533 observe 341.4816187392607 -2.318233181256595 64.95165303491872 1828 31
"2030-01-01 11:53:24.784" 408.0047238541243 7932.47026452654 -124121.74444668254 66566.78509956981 slew "" "" "" "" ""
"2030-01-01 12:00:00.000" 1800.0 3619.9532502167076 -124018.97581972624 66683.65682009871 downlink 234.1977012344125 6.623027045686873 -55.83904473149774 "" ""
"2030-01-01 12:30:00.000" 367.3707618247156 -15780.060142772194 -121690.48923911856 67196.74323597827 slew "" "" "" "" ""
"2030-01-01 12:36:07.371" 900.0 -19663.456918008273 -120845.79822653577 67297.54047751958 observe 325.8297674215897 6.400006259652086 54.19665250320078 4316 120
"2030-01-01 12:51:07.371" 104.95378942930024 -29022.04692951048 -118259.95130032138 67538.7720398252 slew "" "" "" "" ""
"2030-01-01 12:52:52.325" 900.0 -30097.18953318725 -117911.30044552773 67566.37207823532 observe 327.0962312348544 8.975716441190459 53.37640682186808 4317 120
"2030-01-01 13:07:52.325" 107.15991960043547 -39155.91184330092 -114526.54949402808 67798.44887159884 slew "" "" "" "" ""
"2030-01-01 13:09:39.484" 900.0 -40213.81894422544 -114077.08987197357 67825.5296323234 observe 330.29110142744906 9.487686009401683 54.84994336148795 4329 120
"2030-01-01 13:24:39.484" 104.40633600516026 -48904.099256311114 -109922.91135915567 68048.29369770779 slew "" "" "" "" ""
"2030-01-01 13:26:23.891" 900.0 -49888.32248114764 -109397.90217018394 68073.59176223997 observe 328.991134550003 6.97522918039922 55.54796974264631 4328 120
"2030-01-01 13:41:23.891" 104.78648007831524 -58146.49666153451 -104513.25513895894 68286.93164122071 slew "" "" "" "" ""
"2030-01-01 13:43:08.677" 900.0 -59080.3588427575 -103903.63276684837 68311.21641814157 observe 327.7067190363251 4.445081942707999 56.429089116626365 4327 120
"2030-01-01 13:58:08.677" 106.47862621560114 -66845.16387597389 -98330.49572098898 68514.99239553938 slew "" "" "" "" ""
"2030-01-01 13:59:55.156" 900.0 -67732.22296303594 -97632.21975675004 68538.52884348929 observe 330.7709119886181 4.699012089424354 57.72523345517599 1597 120
"2030-01-01 14:14:55.156" 105.62026341485326 -74945.54898555113 -91416.91885819696 68732.58909632245 slew "" "" "" "" ""
"2030-01-01 14:16:40.776" 900.0 -75757.57803541272 -90651.92304671413 68754.78817079544 observe 333.6263836242929 4.295088136934708 59.16544655360515 1576 120
"2030-01-01 14:31:40.776" 103.6576034519325 -82367.05575254143 -83847.2211930344 68939.00627297777 slew "" "" "" "" ""
"2030-01-01 14:33:24.434" 900.0 -83091.66506789497 -83031.79705087062 68959.65267703592 observe 332.3340592947371 1.918555034965823 60.02332002823332 1577 120
"2030-01-01 14:48:24.434" 109.87474023098433 -89050.60180542254 -75695.21793724396 69133.91466543321 slew "" "" "" "" ""
"2030-01-01 14:50:14.309" 900.0 -89736.28097778949 -74769.38007248151 69154.57203275413 observe 333.52062131806645 -0.9074907034226403 62.161966282661176 1885 120
"2030-01-01 15:05:14.309" 108.18255718580997 -94997.57556615226 -66958.4085197823 69318.68320578636 slew "" "" "" "" ""
"2030-01-01 15:07:02.491" 900.0 -95586.53872746925 -65993.65949101304 69337.79534433558 observe 334.0297258187977 -3.737330301242895 64.10621858441233 1886 120
"2030-01-01 15:22:02.491" 104.24107386219444 -100113.7932382388 -57773.3786107543 69491.64101826701 slew "" "" "" "" ""
"2030-01-01 15:23:46.732" 900.0 -100594.50737787221 -56800.291306892 69508.86264193724 observe 336.7127633775618 -4.223363530507766 65.02430012735887 1870 120
"2030-01-01 15:38:46.732" 106.68284082384675 -104359.04870112838 -48239.11934395105 69652.35370055583 slew "" "" "" "" ""
"2030-01-01 15:40:33.415" 900.0 -104758.87517682364 -47206.84733367941 69668.74223973931 observe 338.8125414649906 -1.8425489193019233 64.12467913685413 1848 120
"2030-01-01 15:55:33.415" 103.75017319189953 -107733.26574453118 -38373.33254525972 69801.72576747961 slew "" "" "" "" ""
"2030-01-01 15:57:17.165" 900.0 -108029.91717174459 -37342.15979839401 69816.44699307537 observe 336.15924325568636 -1.371959523752317 63.20532005465314 1869 120
"2030-01-01 16:12:17.165" 105.42443637244821 -110197.1314917848 -28308.15775027323 69938.82815186508 slew "" "" "" "" ""
"2030-01-01 16:14:02.590" 900.0 -110403.0600806563 -27241.06281236798 69952.5366933749 observe 337.92373790083803 1.034779225054582 62.3789948001253 1538 120
"2030-01-01 16:29:02.590" 104.79211241792177 -111748.73125963427 -18078.73541846395 70064.17427909473 slew "" "" "" "" ""
"2030-01-01 16:30:47.382" 900.0 -111857.2946869256 -17007.362351373213 70076.54295129344 observe 335.1359506634096 1.4813868457106347 61.273800027256954 1557 120
"2030-01-01 16:45:47.382" 103.82614950227321 -112375.33771001072 -7790.0805731040655 70177.32244658266 slew "" "" "" "" ""
"2030-01-01 16:47:31.208" 900.0 -112387.34341730685 -6726.483244968527 70188.3181995389 observe 336.46851257738575 3.8796197152139067 60.45422254145162 1556 120
"2030-01-01 17:02:31.208" 109.53744723099506 -112078.41623169159 2472.3005241356273 70278.13138446459 slew "" "" "" "" ""
