initial-survey.ecsv
# %ECSV 1.0
# ---
# datatype:
# - {name: start_time, datatype: string}
# - {name: duration, unit: s, datatype: float64}
# - {name: observer_location.x, unit: km, datatype: float64}
# - {name: observer_location.y, unit: km, datatype: float64}
# - {name: observer_location.z, unit: km, datatype: float64}
# - {name: action, datatype: string}
# - {name: target_coord.ra, unit: deg, datatype: float64}
# - {name: target_coord.dec, unit: deg, datatype: float64}
# - {name: roll, unit: deg, datatype: float64}
# - {name: field_id, datatype: int64}
# - {name: block_id, datatype: int64}
# meta: !!omap
# - __serialized_columns__:
#     duration:
#       __class__: astropy.units.quantity.Quantity
#       unit: !astropy.units.Unit {unit: s}
#       value: !astropy.table.SerializedColumn {name: duration}
#     observer_location:
#       __class__: astropy.coordinates.earth.EarthLocation
#       ellipsoid: WGS84
#       x: !astropy.table.SerializedColumn
#         __class__: astropy.units.quantity.Quantity
#         unit: &id001 !astropy.units.Unit {unit: km}
#         value: !astropy.table.SerializedColumn
#           __class__: astropy.utils.masked.core.MaskedNDArray
#           data: !astropy.table.SerializedColumn {name: observer_location.x}
#       y: !astropy.table.SerializedColumn
#         __class__: astropy.units.quantity.Quantity
#         unit: *id001
#         value: !astropy.table.SerializedColumn
#           __class__: astropy.utils.masked.core.MaskedNDArray
#           data: !astropy.table.SerializedColumn {name: observer_location.y}
#       z: !astropy.table.SerializedColumn
#         __class__: astropy.units.quantity.Quantity
#         unit: *id001
#         value: !astropy.table.SerializedColumn
#           __class__: astropy.utils.masked.core.MaskedNDArray
#           data: !astropy.table.SerializedColumn {name: observer_location.z}
#     roll:
#       __class__: astropy.units.quantity.Quantity
#       unit: &id002 !astropy.units.Unit {unit: deg}
#       value: !astropy.table.SerializedColumn
#         __class__: astropy.utils.masked.core.MaskedNDArray
#         data: !astropy.table.SerializedColumn {name: roll}
#     start_time:
#       __class__: astropy.time.core.Time
#       format: iso
#       in_subfmt: '*'
#       out_subfmt: '*'
#       precision: 3
#       scale: utc
#       value: !astropy.table.SerializedColumn {name: start_time}
#     target_coord:
#       __class__: astropy.coordinates.sky_coordinate.SkyCoord
#       dec: !astropy.table.SerializedColumn
#         __class__: astropy.coordinates.angles.core.Latitude
#         unit: *id002
#         value: !astropy.table.SerializedColumn
#           __class__: astropy.utils.masked.core.MaskedNDArray
#           data: !astropy.table.SerializedColumn {name: target_coord.dec}
#       frame: icrs
#       ra: !astropy.table.SerializedColumn
#         __class__: astropy.coordinates.angles.core.Longitude
#         unit: *id002
#         value: !astropy.table.SerializedColumn
#           __class__: astropy.utils.masked.core.MaskedNDArray
#           data: !astropy.table.SerializedColumn {name: target_coord.ra}
#         wrap_angle: !astropy.coordinates.Angle
#           unit: *id002
#           value: 360.0
#       representation_type: unitspherical
# schema: astropy-2.0
start_time duration observer_location.x observer_location.y observer_location.z action target_coord.ra target_coord.dec roll field_id block_id
[from data line 6786]
"2030-03-09 16:48:59.970" 900.0 149730.0076469464 2272.756310041414 938.8018853251596 observe 199.33317781670578 -11.103474972015977 -63.86023563398896 4793 190
"2030-03-09 17:03:59.970" 107.22203170286636 150141.5111314167 -8938.707682380033 135.030506616673 slew "" "" "" "" ""
"2030-03-09 17:05:47.192" 900.0 150134.46025805073 -10278.06491893535 39.273373861435864 observe 196.35880380468063 -10.727534362807821 -61.71009712932342 4774 190
"2030-03-09 17:20:47.192" 112.64007358089805 149602.86215435632 -21526.175582289176 -764.4572921700601 slew "" "" "" "" ""
"2030-03-09 17:22:39.832" 900.0 149476.83662167008 -22932.818814188846 -865.0420994029612 observe 197.84890659640146 -13.516333695416701 -59.306750261402996 4792 190
"2030-03-09 17:37:39.832" 108.86514309646643 147994.92277963986 -34137.70161120996 -1668.6377878303194 slew "" "" "" "" ""
"2030-03-09 17:39:28.697" 900.0 147758.53354050498 -35487.14137717466 -1765.8298117455895 observe 194.81732074012123 -13.153074672008593 -56.608377393529395 4773 190
"2030-03-09 17:54:28.697" 414.3665735129185 145334.4443780662 -46569.10947164814 -2569.200006604958 slew "" "" "" "" ""
"2030-03-10 06:00:00.000" 1800.0 -139196.05518878766 116325.09147239313 -40145.46238426145 downlink 83.91643670166953 -12.950086126845349 85.01658735522584 "" ""
"2030-03-10 06:30:00.000" 214.3070470224128 -121839.45093012412 135842.91671511627 -41614.78549709908 slew "" "" "" "" ""
"2030-03-10 06:33:34.307" 900.0 -119584.66095984686 138000.60145252984 -41789.17347220467 observe 119.00553308570424 -4.387838204985957 81.1025884785297 627 130
"2030-03-10 06:48:34.307" 108.92289629229053 -109708.30798993466 146642.17392135083 -42520.24604451813 slew "" "" "" "" ""
"2030-03-10 06:50:23.230" 900.0 -108469.88916476528 147640.5469861462 -42608.58332630999 observe 121.3434858388447 -6.348582059999948 78.97905043031926 615 130
"2030-03-10 07:05:23.230" 104.08018618398535 -97900.8255894104 155479.3384899719 -43337.319197503566 slew "" "" "" "" ""
"2030-03-10 07:07:07.310" 900.0 -96641.2520764447 156337.44235851575 -43421.4585239348 observe 124.00360314694852 -5.2433481216713425 79.22953816846638 604 130
"2030-03-10 07:22:07.310" 104.08309029404856 -85448.09163667134 163322.5749824352 -44147.85355478795 slew "" "" "" "" ""
"2030-03-10 07:23:51.393" 900.0 -84120.24736708036 164079.03026718154 -44231.723657122224 observe 126.63332482514532 -4.121755428363329 79.62316054651748 594 130
"2030-03-10 07:38:51.393" 104.13425669158045 -72372.41189704518 170161.2531690759 -44955.76321470131 slew "" "" "" "" ""
"2030-03-10 07:40:35.527" 900.0 -70983.90752849211 170810.97919484388 -45039.401181016365 observe 129.2340059032169 -2.9863601974826794 80.17624334532239 585 130
"2030-03-10 07:55:35.527" 104.25763877153904 -58754.64222954302 175946.67035532126 -45761.07118716181 slew "" "" "" "" ""
"2030-03-10 07:57:19.785" 900.0 -57313.102550480835 176485.22130341738 -45844.53295809932 observe 131.80717775975464 -1.839539950198715 80.90941405427466 577 130
"2030-03-10 08:12:19.785" 111.66254970443184 -44679.01675506922 180636.65322139204 -46563.81980861073 slew "" "" "" "" ""
"2030-03-10 08:14:11.448" 900.0 -43089.601552476975 181088.8020249887 -46652.911889460345 observe 129.62308019525187 0.13584492026727907 83.65463419395695 584 130
"2030-03-10 08:29:11.448" 104.73638004798039 -30128.163631624837 184217.00438439465 -47369.78518668568 slew "" "" "" "" ""
"2030-03-10 08:30:56.184" 900.0 -28604.137852261396 184520.85651531033 -47453.07045991883 observe 127.00876109763408 -1.0144946408149071 82.75004348465954 593 130
"2030-03-10 08:45:56.184" 104.5723102049376 -15399.909345161255 186607.82852498433 -48167.53459895056 slew "" "" "" "" ""
"2030-03-10 08:47:40.756" 900.0 -13854.907364257831 186789.04818823838 -48250.40882636335 observe 124.36855520978926 -2.1535476293221394 82.03680224257845 603 130
"2030-03-10 09:02:40.756" 104.48795636257165 -491.8090426095075 187816.69704128715 -48962.452706576536 slew "" "" "" "" ""
"2030-03-10 09:04:25.244" 900.0 1065.4644865472294 187873.9984919411 -49044.97846391261 observe 121.70118463399865 -3.278873454410798 81.49341313150201 614 130
"2030-03-10 09:19:25.244" 108.64113355094875 14502.23489664533 187830.92254333696 -49754.591366657456 slew "" "" "" "" ""
"2030-03-10 09:21:13.885" 900.0 16125.118053095757 187760.5724132171 -49840.10265527024 observe 119.40091303013031 -1.3313564602124304 83.46233362779387 626 130
"2030-03-10 09:36:13.885" 104.83496525934873 29549.375856124774 186637.6934467055 -50547.26409593679 slew "" "" "" "" ""
"2030-03-10 09:37:58.720" 900.0 31108.90535087637 186444.27241485234 -50629.49395407531 observe 122.10521975640475 -0.20096423980154213 84.13496117278487 613 130
"2030-03-10 09:52:58.720" 104.94131387918932 44434.298136132 184247.96336013856 -51334.20332383152 slew "" "" "" "" ""
"2030-03-10 09:54:43.662" 900.0 45978.86131852082 183929.58622708387 -51416.230115943545 observe 124.78447538548924 0.9430051855877115 84.98416936871367 602 130
"2030-03-10 10:09:43.662" 105.12983275879077 59119.463381761176 180668.95141270425 -52118.477831022086 slew "" "" "" "" ""
"2030-03-10 10:11:28.792" 900.0 60640.22493309117 180226.47962029412 -52200.363878170996 observe 127.43974213969962 2.098055497269071 86.03146050982983 592 130
"2030-03-10 10:26:28.792" 109.20464025500429 73510.94660605502 175917.41578997285 -52900.14065084838 slew "" "" "" "" ""
"2030-03-10 10:28:17.996" 900.0 75052.71203856822 175331.58639889848 -52984.89963642102 observe 125.25323695771677 4.043983195048921 88.06756621119858 601 130
"2030-03-10 10:43:17.996" 108.20214115407514 87568.32783793472 169992.87947643996 -53682.18705816775 slew "" "" "" "" ""
"2030-03-10 10:45:06.198" 900.0 89048.28327422835 169290.3652307098 -53765.868337988664 observe 123.05965715872952 5.970359427898351 89.78958975384492 611 130
"2030-03-10 11:00:06.198" 105.68759383840697 101126.96842693661 162952.80578457264 -54460.66096023444 slew "" "" "" "" ""
"2030-03-10 11:01:51.886" 900.0 102516.57181344216 162151.4745441397 -54542.1044958741 observe 120.32304156523058 4.801712379465019 88.52515048235928 624 130
"2030-03-10 11:16:51.886" 107.84861622659608 114080.10923223231 154853.71280868392 -55234.401110667684 slew "" "" "" "" ""
"2030-03-10 11:18:39.735" 900.0 115431.69257235707 153923.23947487393 -55317.21009425659 observe 122.55720178384409 2.882882492413616 86.90172218104347 612 130
"2030-03-10 11:33:39.735" 105.24452988281911 126402.55676981554 145705.7521946821 -56006.99833699852 slew "" "" "" "" ""
"2030-03-10 11:35:24.979" 900.0 127647.96416185024 144693.06106837792 -56087.5144976596 observe 119.83934396708638 1.7325692754989577 85.93726643254259 625 130
"2030-03-10 11:50:24.979" 220.85192044135732 137955.01230178692 135606.6740802334 -56774.79429612582 slew "" "" "" "" ""
"2030-03-10 12:00:00.000" 1800.0 144201.95372440468 129415.03205436925 -57212.72744424999 downlink 77.22611137308502 -21.054808446081083 87.25689098922226 "" ""
"2030-03-10 12:30:00.000" 292.2894399259386 161886.41714341246 108238.50220182119 -58577.64519419439 slew "" "" "" "" ""
"2030-03-10 12:34:52.289" 900.0 164472.5482053288 104562.11642496126 -58798.43138250954 observe 128.14587050229548 38.27910472169111 120.93209568823794 410 85
"2030-03-10 12:49:52.289" 108.34895409766517 171901.9750002942 92864.95082655422 -59476.76270043867 slew "" "" "" "" ""
"2030-03-10 12:51:40.638" 900.0 172740.72009333663 91420.22303500367 -59558.272600041746 observe 131.78024354162272 39.13788072050585 125.08070509253935 395 85
"2030-03-10 13:06:40.638" 105.30470727437174 179230.07859057048 79139.48804868772 -60234.06290666966 slew "" "" "" "" ""
"2030-03-10 13:08:25.943" 900.0 179932.66938262142 77671.53321153596 -60312.98552016443 observe 134.4799517192775 36.96206322206156 126.26878841670707 396 85
"2030-03-10 13:23:25.943" 110.2662570849568 185439.5488753063 64884.55815872776 -60986.238074780485 slew "" "" "" "" ""
"2030-03-10 13:25:16.209" 900.0 186052.04786389196 63290.0592479529 -61068.56727184592 observe 138.17536686026534 37.612732137348914 130.81010631688088 382 85
"2030-03-10 13:40:16.209" 105.24136500206609 190532.24251530305 50073.8647794207 -61739.26546230157 slew "" "" "" "" ""
"2030-03-10 13:42:01.451" 900.0 190995.03169201015 48506.723852798015 -61817.54469795495 observe 140.6912666561096 35.3374700294687 131.90870041072725 383 85
"2030-03-10 13:57:01.451" 112.70470579955742 194420.87439222322 34945.55444564881 -62485.69750038083 slew "" "" "" "" ""
"2030-03-10 13:58:54.155" 900.0 194782.1801420645 33229.19602303818 -62569.20786304586 observe 144.40488679174118 35.77851469403149 136.90472609530477 370 85
"2030-03-10 14:13:54.155" 105.2089113682408 197119.47053358462 19405.808533826446 -63234.792949523144 slew "" "" "" "" ""
"2030-03-10 14:15:39.364" 900.0 197328.70320131854 17778.11313618295 -63312.4499439721 observe 141.9501715531 38.12344670142193 135.66038427666453 369 85
"2030-03-10 14:30:39.364" 112.37838821533063 198566.1288326755 3781.0750324058636 -63975.48323387382 slew "" "" "" "" ""
"2030-03-10 14:32:31.743" 900.0 198650.87966661545 2026.1927496852638 -64058.11222969182 observe 145.7887324628111 38.48793532415965 140.82101766765533 357 85
"2030-03-10 14:47:31.743" 112.01049395808296 198768.10347278704 -12057.098051654866 -64718.5727264049 slew "" "" "" "" ""
"2030-03-10 14:49:23.753" 900.0 198712.7093649107 -13811.393303735706 -64800.610915595535 observe 147.25157645612992 41.17165629784477 144.58714086197304 344 85
"2030-03-10 15:04:23.753" 111.9181138297436 197704.73731559658 -27891.15824039482 -65458.497051942824 slew "" "" "" "" ""
"2030-03-10 15:06:15.671" 900.0 197509.44380898733 -29637.972289538797 -65540.1473216311 observe 143.27560390052383 40.88788999747933 139.27938960696576 356 85
"2030-03-10 15:21:15.671" 105.43559535230553 195378.17353664862 -43624.22017938558 -66195.45712540094 slew "" "" "" "" ""
"2030-03-10 15:23:01.107" 900.0 195063.40917412218 -45253.70486379775 -66272.0770806579 observe 140.60782619074195 43.267211391720124 137.5862227024912 355 85
"2030-03-10 15:38:01.107" 105.5275225211704 191824.92898236934 -59058.20944883757 -66924.82515201572 slew "" "" "" "" ""
"2030-03-10 15:39:46.634" 900.0 191380.8636604835 -60662.64210005687 -67001.21142632677 observe 137.75967904149692 45.61678315112683 135.70936170651905 354 85
"2030-03-10 15:54:46.634" 108.39515100847379 187050.97559701174 -74197.69623152901 -67651.39590444157 slew "" "" "" "" ""
"2030-03-10 15:56:35.030" 900.0 186464.45620165218 -75807.98655252301 -67729.54863215217 observe 133.68381238073167 45.01364021799498 130.8701439862629 366 85
"2030-03-10 16:11:35.030" 105.48586270165788 181062.9961982651 -88986.17657777687 -68377.16083679211 slew "" "" "" "" ""
"2030-03-10 16:13:20.515" 900.0 180368.42316380373 -90506.48488963855 -68452.91485024245 observe 136.61213210825218 42.749893352975654 132.66683217387776 367 85
"2030-03-10 16:28:20.515" 105.40630167592599 173928.19276760833 -103244.41759014186 -69097.9610930626 slew "" "" "" "" ""
"2030-03-10 16:30:05.922" 900.0 173114.49493971793 -104707.17850155264 -69173.35740669764 observe 139.35964185229597 40.450038124767694 134.25533015647443 368 85
"2030-03-10 16:45:05.922" 109.98224071711715 165671.8860363461 -116923.10288454597 -69815.83703049665 slew "" "" "" "" ""
"2030-03-10 16:46:55.904" 900.0 164702.59314594822 -118380.5319487798 -69894.19207434569 observe 135.52249952325909 39.86426248201418 129.52153854914587 381 85
"2030-03-10 17:01:55.904" 105.38138071698557 156296.07974271654 -129992.78070775076 -70534.09277344383 slew "" "" "" "" ""
"2030-03-10 17:03:41.285" 900.0 155257.4929948349 -131314.22436381565 -70608.86870341918 observe 132.71314833197465 42.083535370366015 128.02708533928018 380 85
"2030-03-10 17:18:41.285" 105.43942597195785 145940.50036520808 -142250.16022367842 -71246.20183797891 slew "" "" "" "" ""
"2030-03-10 17:20:26.725" 900.0 144797.77629403886 -143488.84667922457 -71320.71813034335 observe 129.72572758521275 44.26109764143621 126.30821884303913 379 85
"2030-03-10 17:35:26.725" 107.09067566434992 134625.06571701958 -153677.22641657197 -71955.48339108677 slew "" "" "" "" ""
"2030-03-10 17:37:13.815" 900.0 133366.03698168666 -154842.22173025482 -72030.86085494708 observe 125.90093139364954 43.36894159695461 122.03054366902873 393 85
"2030-03-10 17:52:13.815" 105.37505349844817 122396.71770327083 -164214.91905767284 -72663.05408257063 slew "" "" "" "" ""
"2030-03-10 17:53:59.191" 900.0 121068.41967450707 -165262.10937514034 -72736.92310480008 observe 128.92695897906088 41.276630818936916 123.67242837641489 394 85
"2030-03-10 18:08:59.191" 296.4619387526576 109369.44598774663 -173758.63753905048 -73366.54895105638 slew "" "" "" "" ""
"2030-03-10 18:00:00.000" 1800.0 116453.28152632019 -168765.51907800575 -72989.61570475952 downlink 71.38767726862638 -29.559053475179876 91.01918650061847 "" ""
"2030-03-10 18:30:00.000" 293.3856725493476 91995.27670580143 -184252.07364425034 -74244.72714326276 slew "" "" "" "" ""
"2030-03-10 18:34:53.386" 900.0 87802.74564431379 -186447.45579682026 -74448.42931426356 observe 133.99806073716775 18.30931676500782 107.2959058903036 490 94
"2030-03-10 18:49:53.386" 106.32057883267888 74626.66916503667 -192579.30944347824 -75071.79039021817 slew "" "" "" "" ""
"2030-03-10 18:51:39.706" 900.0 73040.79387146114 -193242.5623754653 -75145.27884880753 observe 131.87415274790195 20.29819998314004 108.13811064147086 489 94
"2030-03-10 19:06:39.706" 105.81472451513673 59393.99601357456 -198327.2122571182 -75766.07259252445 slew "" "" "" "" ""
"2030-03-10 19:08:25.521" 900.0 57765.18677836925 -198861.99575677104 -75838.9096993232 observe 129.68871494718073 22.27862840340361 108.70288406034462 488 94
"2030-03-10 19:23:25.521" 109.72238243665747 43731.323318216666 -202864.23124469016 -76457.1385381883 slew "" "" "" "" ""
"2030-03-10 19:25:15.243" 900.0 42000.30434128058 -203284.63711665283 -76532.3522368589 observe 132.8673116146624 23.207131582923655 112.00539522687454 469 94
"2030-03-10 19:40:15.243" 105.6413354941117 27664.454074938647 -206171.0249140864 -77148.00752926264 slew "" "" "" "" ""
"2030-03-10 19:42:00.885" 900.0 25967.605823219914 -206443.64488904932 -77220.12232126533 observe 130.6136032254562 25.231153203106103 112.2821725961588 468 94
"2030-03-10 19:57:00.885" 110.05692776908612 11419.365928039768 -208196.46527383084 -77833.21596008778 slew "" "" "" "" ""
"2030-03-10 19:58:50.942" 900.0 9631.053186317156 -208340.4888920894 -77908.03116102256 observe 133.87413013745817 26.109751856821532 115.86764257000205 450 94
"2030-03-10 20:13:50.942" 105.73723737895648 -5040.118009525942 -208939.50897075795 -78518.55356542658 slew "" "" "" "" ""
"2030-03-10 20:15:36.679" 900.0 -6767.306456706683 -208942.00731530334 -78590.13096634584 observe 136.11886245275852 24.02881720756734 115.64313045316631 451 94
"2030-03-10 20:30:36.679" 112.12053599862445 -21469.832704057448 -208384.1185482798 -79198.0949549331 slew "" "" "" "" ""
"2030-03-10 20:32:28.799" 900.0 -23299.48720826165 -208241.99074529088 -79273.6738300399 observe 139.43708966962194 24.738189705301867 119.65332704873609 433 94
"2030-03-10 20:47:28.799" 113.68931714490233 -37941.36734997587 -206519.03222138062 -79879.06515899295 slew "" "" "" "" ""
"2030-03-10 20:49:22.489" 900.0 -39783.10289396383 -206227.89430664608 -79955.37642667699 observe 142.81453185157585 25.330080877049856 124.08010134735001 416 94
"2030-03-10 21:04:22.489" 105.798588580684 -54271.63764456064 -203344.59295188118 -80558.19326762325 slew "" "" "" "" ""
"2030-03-10 21:06:08.287" 900.0 -55962.20717535423 -202938.46453109005 -80628.90673877184 observe 144.94619861376043 23.13638027539993 123.81104695627018 417 94
"2030-03-10 21:21:08.287" 114.93637228329648 -70207.66936804238 -198917.56635520363 -81229.17141477129 slew "" "" "" "" ""
"2030-03-10 21:23:03.224" 900.0 -72007.28240898967 -198331.61924711152 -81305.66512418527 observe 141.5933239151278 22.596417783387604 119.24270636186138 434 94
