initial-survey.ecsv
# %ECSV 1.0
# ---
# datatype:
# - {name: start_time, datatype: string}
# - {name: duration, unit: s, datatype: float64}
# - {name: observer_location.x, unit: km, datatype: float64}
# - {name: observer_location.y, unit: km, datatype: float64}
# - {name: observer_location.z, unit: km, datatype: float64}
# - {name: action, datatype: string}
# - {name: target_coord.ra, unit: deg, datatype: float64}
# - {name: target_coord.dec, unit: deg, datatype: float64}
# - {name: roll, unit: deg, datatype: float64}
# - {name: field_id, datatype: int64}
# - {name: block_id, datatype: int64}
# meta: !!omap
# - __serialized_columns__:
#     duration:
#       __class__: astropy.units.quantity.Quantity
#       unit: !astropy.units.Unit {unit: s}
#       value: !astropy.table.SerializedColumn {name: duration}
#     observer_location:
#       __class__: astropy.coordinates.earth.EarthLocation
#       ellipsoid: WGS84
#       x: !astropy.table.SerializedColumn
#         __class__: astropy.units.quantity.Quantity
#         unit: &id001 !astropy.units.Unit {unit: km}
#         value: !astropy.table.SerializedColumn
#           __class__: astropy.utils.masked.core.MaskedNDArray
#           data: !astropy.table.SerializedColumn {name: observer_location.x}
#       y: !astropy.table.SerializedColumn
#         __class__: astropy.units.quantity.Quantity
#         unit: *id001
#         value: !astropy.table.SerializedColumn
#           __class__: astropy.utils.masked.core.MaskedNDArray
#           data: !astropy.table.SerializedColumn {name: observer_location.y}
#       z: !astropy.table.SerializedColumn
#         __class__: astropy.units.quantity.Quantity
#         unit: *id001
#         value: !astropy.table.SerializedColumn
#           __class__: astropy.utils.masked.core.MaskedNDArray
#           data: !astropy.table.SerializedColumn {name: observer_location.z}
#     roll:
#       __class__: astropy.units.quantity.Quantity
#       unit: &id002 !astropy.units.Unit {unit: deg}
#       value: !astropy.table.SerializedColumn
#         __class__: astropy.utils.masked.core.MaskedNDArray
#         data: !astropy.table.SerializedColumn {name: roll}
#     start_time:
#       __class__: astropy.time.core.Time
#       format: iso
#       in_subfmt: '*'
#       out_subfmt: '*'
#       precision: 3
#       scale: utc
#       value: !astropy.table.SerializedColumn {name: start_time}
#     target_coord:
#       __class__: astropy.coordinates.sky_coordinate.SkyCoord
#       dec: !astropy.table.SerializedColumn
#         __class__: astropy.coordinates.angles.core.Latitude
#         unit: *id002
#         value: !astropy.table.SerializedColumn
#           __class__: astropy.utils.masked.core.MaskedNDArray
#           data: !astropy.table.SerializedColumn {name: target_coord.dec}
#       frame: icrs
#       ra: !astropy.table.SerializedColumn
#         __class__: astropy.coordinates.angles.core.Longitude
#         unit: *id002
#         value: !astropy.table.SerializedColumn
#           __class__: astropy.utils.masked.core.MaskedNDArray
#           data: !astropy.table.SerializedColumn {name: target_coord.ra}
#         wrap_angle: !astropy.coordinates.Angle
#           unit: *id002
#           value: 360.0
#       representation_type: unitspherical
# schema: astropy-2.0
start_time duration observer_location.x observer_location.y observer_location.z action target_coord.ra target_coord.dec roll field_id block_id
[from data line 4410]
"2030-02-01 19:26:21.843" 900.0 40665.49747763218 -270194.17299270345 -173030.09797518395 observe 167.63280634311022 -6.195857580115219 -53.83896692491005 4636 230
"2030-02-01 19:41:21.843" 105.63534968230735 22130.69989516698 -272539.5318938707 -173216.85478549672 slew "" "" "" "" ""
"2030-02-01 19:43:07.478" 900.0 19945.05634045615 -272731.61837648065 -173238.66637929075 observe 170.41335718106342 -6.6880917974482115 -55.52308677220595 4645 230
"2030-02-01 19:58:07.478" 110.30155833576984 1271.3311660161196 -273655.70369701105 -173423.57461142496 slew "" "" "" "" ""
"2030-02-01 19:59:57.780" 900.0 -1021.2289182320202 -273681.06473080383 -173446.122782567 observe 169.5926809858274 -3.7632311896418806 -57.725037531363874 4637 230
"2030-02-01 20:14:57.780" 111.7020273741856 -19724.816596505556 -273169.811972346 -173629.1768126672 slew "" "" "" "" ""
"2030-02-01 20:16:49.482" 900.0 -22043.340108770542 -273017.1210245048 -173651.7811649792 observe 168.7993110198311 -0.8249908415760758 -60.30427355758253 4630 230
"2030-02-01 20:31:49.482" 104.25019927224363 -40666.32091576986 -271069.51098361413 -173832.9813872802 slew "" "" "" "" ""
"2030-02-01 20:33:33.732" 900.0 -42814.51950858633 -270761.63047333097 -173853.86399375065 observe 171.48360979514925 -1.300539385223324 -61.4485181126728 4638 230
"2030-02-01 20:48:33.732" 112.20177325772343 -61248.44703915106 -267397.5889083401 -174033.22699442948 slew "" "" "" "" ""
"2030-02-01 20:50:25.934" 900.0 -63530.04374310971 -266889.88519307564 -174055.47263243646 observe 170.4554590802535 1.6524041491341623 -64.08472769511414 4369 230
"2030-02-01 21:05:25.934" 104.77082362257555 -81664.47031904753 -262116.03299319913 -174232.98681783167 slew "" "" "" "" ""
"2030-02-01 21:07:10.705" 900.0 -83753.96218453372 -261479.80215615514 -174253.54489858035 observe 167.69000172692657 2.1144337814976866 -63.08604887597681 4361 230
"2030-02-01 21:22:10.705" 105.46972723035 -101484.51521758064 -255332.43949318427 -174429.22677144367 slew "" "" "" "" ""
"2030-02-01 21:23:56.175" 900.0 -103534.457643517 -254532.79046697397 -174449.707360981 observe 164.9080151126999 2.5693728224896115 -61.90182904771955 4354 230
"2030-02-01 21:38:56.175" 113.36580278601693 -120756.79611903318 -247044.92314484908 -174623.5585662058 slew "" "" "" "" ""
"2030-02-01 21:40:49.540" 900.0 -122889.45100837643 -246018.39405507784 -174645.34113674 observe 166.13161354766382 -0.35211569978028123 -59.01117805952619 4623 230
"2030-02-01 21:55:49.540" 105.4709410269902 -139497.13773189244 -237221.85730991914 -174817.3502496749 slew "" "" "" "" ""
"2030-02-01 21:57:35.011" 900.0 -141403.6779621029 -236116.83500100375 -174837.40100743782 observe 163.45433879377424 0.11674867884347286 -57.51182489013743 4347 230
"2030-02-01 22:12:35.011" 117.80495243495699 -157303.31151748155 -226071.54655681833 -175007.58530468727 slew "" "" "" "" ""
"2030-02-01 22:14:32.816" 900.0 -159333.25448181055 -224676.464988465 -175029.74071336322 observe 166.87091418730415 -3.279969832586127 -56.2190739339235 4629 230
"2030-02-01 22:29:32.816" 105.82785183451963 -174420.65191111903 -213425.09291767137 -175198.0807738393 slew "" "" "" "" ""
"2030-02-01 22:31:18.644" 900.0 -176143.86725642486 -212034.5429942681 -175217.76825799368 observe 164.1674598402156 -2.7978188144139056 -54.52516880355376 4622 230
"2030-02-01 22:46:18.644" 106.68321897484354 -190338.815865118 -199655.70195985757 -175384.28870884705 slew "" "" "" "" ""
"2030-02-01 22:48:05.327" 900.0 -191965.03613752936 -198124.28419462268 -175403.91970928133 observe 161.48161873926068 -2.3182331812565944 -52.60040724265204 4616 230
"2030-02-01 23:03:05.327" 111.96397036559262 -205182.55521809682 -184687.84557006246 -175568.62190944413 slew "" "" "" "" ""
"2030-02-01 23:04:57.291" 900.0 -206762.32387706867 -182953.4133149385 -175588.99802179914 observe 162.13354296128992 -5.206962116061526 -49.879246659770004 4621 230
"2030-02-01 23:19:57.291" 108.15881542726719 -218918.03465944558 -168531.58558439952 -175751.87535816466 slew "" "" "" "" ""
"2030-02-01 23:21:45.450" 900.0 -220312.24153370128 -166742.81404791633 -175771.34025944324 observe 159.41372219989415 -4.713712136968874 -47.51839713713192 4615 230
"2030-02-01 23:36:45.450" 110.51883971770545 -231337.25364025147 -151422.69740091378 -175932.40250351458 slew "" "" "" "" ""
"2030-02-01 23:38:35.969" 900.0 -232618.66660625025 -149489.81198848103 -175952.06915532862 observe 160.024571746874 -7.574792764308092 -45.11355515184893 4620 230
"2030-02-01 23:53:35.969" 108.26903634151816 -242443.91484682963 -133358.23967809917 -176111.31496552375 slew "" "" "" "" ""
"2030-02-01 23:55:24.238" 900.0 -243551.36543288693 -131372.74237372458 -176130.3631709798 observe 162.8003431643099 -8.084983803092666 -47.58766388540683 4627 230
"2030-02-02 00:10:24.238" 356.6462322490306 -252120.20508179624 -114525.1348502738 -176287.79948476612 slew "" "" "" "" ""
"2030-02-02 00:00:00.000" 1800.0 -246298.3547171375 -126274.47732626981 -176178.77352409158 downlink 35.53074014412437 -43.08553094772115 83.74190862305291 "" ""
"2030-02-02 00:30:00.000" 322.36747281449755 -261552.84728062167 -91689.14090542703 -176491.04530580327 slew "" "" "" "" ""
"2030-02-02 00:35:22.367" 900.0 -263780.91744022403 -85285.87823551655 -176546.2906197775 observe 73.18593151028081 47.791526898547474 99.2169943273858 263 99
"2030-02-02 00:50:22.367" 106.06371042974865 -269166.84805564553 -67135.08488627987 -176699.4346757382 slew "" "" "" "" ""
"2030-02-02 00:52:08.431" 900.0 -269719.7564932874 -64972.20413578998 -176717.37661032059 observe 77.81489639212164 48.16853952989942 103.28126671721114 242 99
"2030-02-02 01:07:08.431" 106.24978790771395 -273707.9682329797 -46450.5484413851 -176868.7247999972 slew "" "" "" "" ""
"2030-02-02 01:08:54.681" 900.0 -274095.1865570386 -44246.40249439788 -176886.48634817576 observe 82.5187762169342 48.29261520252798 107.47190848193198 222 99
"2030-02-02 01:23:54.681" 106.44244889275959 -276660.2840922028 -25461.446785359425 -177036.04117465555 slew "" "" "" "" ""
"2030-02-02 01:25:41.123" 900.0 -276878.7248135368 -23228.60076123621 -177053.62297651442 observe 87.24170544029744 48.15981634239466 111.73902294938992 203 99
"2030-02-02 01:40:41.123" 106.64751117853262 -278003.5763348941 -4289.634941703621 -177201.38692065413 slew "" "" "" "" ""
"2030-02-02 01:42:27.771" 900.0 -278051.09591022675 -2040.7637459999469 -177218.79052464437 observe 91.9273372023474 47.770916215158536 116.03401589629424 185 99
"2030-02-02 01:57:27.771" 107.32837793370234 -277726.94142933196 16941.82775059848 -177364.7660339386 slew "" "" "" "" ""
"2030-02-02 01:59:15.099" 900.0 -277601.7465595653 19203.64978181027 -177382.06756484907 observe 93.49246392081604 45.16678948795973 115.33946528812673 186 99
"2030-02-02 02:14:15.099" 111.67209909759782 -275827.6006259429 38118.969925877806 -177526.25623133598 slew "" "" "" "" ""
"2030-02-02 02:16:06.771" 900.0 -275517.3982390836 40457.05617664368 -177544.03596239246 observe 96.52284799405737 47.131237133743824 120.31419834188826 167 99
"2030-02-02 02:31:06.771" 107.52574848137212 -272295.5551910858 59193.39637830363 -177686.432886917 slew "" "" "" "" ""
"2030-02-02 02:32:54.297" 900.0 -271825.1217860691 61416.719835343516 -177703.33900247223 observe 95.05930150807951 49.81755725132861 121.04099198580369 166 99
"2030-02-02 02:47:54.297" 107.0184636530043 -267178.50739331474 79864.75610768577 -177843.95430756776 slew "" "" "" "" ""
"2030-02-02 02:49:41.316" 900.0 -266542.2668316449 82036.84773399949 -177860.56902964946 observe 93.4485381506755 52.51012179394507 121.43758848753973 165 99
"2030-02-02 03:04:41.316" 106.73154198896839 -260496.9077215553 100088.53441290862 -177999.406367171 slew "" "" "" "" ""
"2030-02-02 03:06:28.047" 900.0 -259698.35316019112 102201.47717194198 -178015.7658867361 observe 88.31492681029547 52.97932584920347 116.42465602678361 183 99
"2030-02-02 03:21:28.047" 106.41490911925499 -252288.14594293013 119750.99918987098 -178152.8284989782 slew "" "" "" "" ""
"2030-02-02 03:23:14.462" 900.0 -251332.91343121123 121792.15606480294 -178168.92983848997 observe 90.2130111938686 50.376725300712785 116.40230922195684 184 99
"2030-02-02 03:38:14.462" 106.58160315347754 -242599.77570818726 138736.61714729213 -178304.22099965674 slew "" "" "" "" ""
"2030-02-02 03:40:01.044" 900.0 -241489.14132511808 140703.34238670496 -178320.13792154862 observe 85.28479409283844 50.67080236820505 111.76408021555092 202 99
"2030-02-02 03:55:01.044" 105.82201439708939 -231482.12238275397 156942.9927784501 -178453.66003575 slew "" "" "" "" ""
"2030-02-02 03:56:46.866" 900.0 -230232.87546941856 158807.1621826317 -178469.25575208163 observe 83.11372980034005 53.16784046161342 111.43059403586888 201 99
"2030-02-02 04:11:46.866" 106.23219120023914 -219009.63977008275 174246.98331929286 -178601.0128295055 slew "" "" "" "" ""
"2030-02-02 04:13:33.098" 900.0 -217615.60345789697 176018.49025577994 -178616.46077354392 observe 77.92266743916338 53.073744434820014 106.52250415014127 220 99
"2030-02-02 04:28:33.098" 105.23907118110355 -205239.53580404804 190567.14078978277 -178746.45475009098 slew "" "" "" "" ""
"2030-02-02 04:30:18.337" 900.0 -203727.80208255595 192212.8131223337 -178761.55237042185 observe 80.33872138173523 50.695829708357955 107.17972106983767 221 99
"2030-02-02 04:45:18.337" 106.14619643742836 -190270.62671948253 205785.35855562074 -178889.78761777675 slew "" "" "" "" ""
"2030-02-02 04:47:04.483" 900.0 -188622.72466578663 207325.20059949125 -178904.80801038814 observe 75.44115342800663 50.4533557624682 102.70729761799598 241 99
"2030-02-02 05:02:04.483" 104.66491033494682 -174160.50173470037 219840.46854073406 -179031.28555390568 slew "" "" "" "" ""
"2030-02-02 05:03:49.148" 900.0 -172423.51622431612 221231.53007540674 -179045.89222502484 observe 72.81940606180805 52.70169807218802 101.76966397508957 240 99
"2030-02-02 05:18:49.148" 105.79155539061222 -157040.5581625944 232616.98314883572 -179170.61723844826 slew "" "" "" "" ""
"2030-02-02 05:20:34.940" 900.0 -155181.68007613881 233886.03958905896 -179185.17517266783 observe 67.87476778154182 52.06252323497372 97.23624038074801 261 99
"2030-02-02 05:35:34.940" 104.09821997671705 -138965.32732710248 244072.74875532833 -179308.1482567313 slew "" "" "" "" ""
"2030-02-02 05:37:19.038" 900.0 -137045.19517741894 245179.31721191457 -179322.27085327994 observe 70.65546334837255 49.95037354449762 98.40368991664612 262 99
"2030-02-02 05:52:19.038" 324.1072271192177 -120089.98968944125 254108.65614314226 -179443.49749576653 slew "" "" "" "" ""
"2030-02-03 00:00:00.000" 1800.0 -285414.9875680533 -62389.15783442406 -184179.38421983173 downlink 17.378563851692913 -64.14537841622605 109.11541858148044 "" ""
"2030-02-03 00:30:00.000" 352.7637870417391 -291497.9205519826 -23127.627824089275 -184199.69620317876 slew "" "" "" "" ""
"2030-02-03 00:35:52.764" 900.0 -292061.3404489602 -15352.124218072302 -184203.00131010925 observe 87.0893518169704 36.45628454609099 101.09090049270122 247 242
"2030-02-03 00:50:52.764" 106.2349358290061 -292558.04916068254 4533.602086488636 -184210.43168021046 slew "" "" "" "" ""
"2030-02-03 00:52:38.999" 900.0 -292527.3628583801 6882.40360224175 -184211.21381351244 observe 91.02290861552105 36.11860392570374 103.76004101950946 227 242
"2030-02-03 01:07:38.999" 107.59602782805341 -291510.77518134745 26757.40562168581 -184217.03618066187 slew "" "" "" "" ""
"2030-02-03 01:09:26.595" 900.0 -291298.76476402883 29128.122412832934 -184217.63607976557 observe 89.56024436524667 38.560143329057524 104.93052005481951 226 242
"2030-02-03 01:24:26.595" 106.35004386180763 -288771.41139419447 48877.06138029119 -184221.8501677735 slew "" "" "" "" ""
"2030-02-03 01:26:12.945" 900.0 -288384.0693614123 51198.64735511856 -184222.25330403345 observe 93.5839048711964 38.08431874438513 107.86780029546962 207 242
"2030-02-03 01:41:12.945" 108.07478142400747 -284361.1492835927 70707.12903710878 -184224.86298681985 slew "" "" "" "" ""
"2030-02-03 01:43:01.020" 900.0 -283788.93924860546 73030.62774181219 -184225.07994674097 observe 92.17100271399181 40.60020971787753 109.092294524133 206 242
"2030-02-03 01:58:01.020" 106.49927223651888 -278289.9558529611 92184.7734182308 -184226.08435097858 slew "" "" "" "" ""
"2030-02-03 01:59:47.519" 900.0 -277553.2110469169 94425.86856275938 -184226.10845025262 observe 96.27937620624836 39.97764873403793 112.30860357234936 188 242
"2030-02-03 02:14:47.519" 108.4633774500249 -270611.07697373274 113114.89807221958 -184225.51194513755 slew "" "" "" "" ""
"2030-02-03 02:16:35.982" 900.0 -269688.8495159273 115334.60142068824 -184225.34347889858 observe 94.93580408126655 42.56808566819114 113.58617277452123 187 242
"2030-02-03 02:31:35.982" 106.6911399984413 -261339.84422539675 133448.65373433888 -184223.14479053786 slew "" "" "" "" ""
"2030-02-03 02:33:22.673" 900.0 -260268.70357958306 135557.66034602493 -184222.78942086647 observe 99.11949430597461 41.79045915704663 117.08848029458528 169 242
"2030-02-03 02:48:22.673" 104.74108196969647 -250562.51583368846 152992.22134834295 -184218.99319702134 slew "" "" "" "" ""
"2030-02-03 02:50:07.414" 900.0 -249356.21518587708 154977.70333622428 -184218.45868886722 observe 102.65543858264338 40.406675716011534 119.46783030118293 478 242
"2030-02-03 03:05:07.414" 112.45470079172912 -238350.3947903208 171632.8094959686 -184213.0698336788 slew "" "" "" "" ""
"2030-02-03 03:06:59.869" 900.0 -236896.02895184094 173660.55986547688 -184212.296312358 observe 99.85025926189506 38.772962159820466 114.56603212261766 498 242
"2030-02-03 03:21:59.869" 104.40979607079385 -224643.75886549597 189432.36721155298 -184205.30441093486 slew "" "" "" "" ""
"2030-02-03 03:23:44.279" 900.0 -223153.34944185294 191207.53173784903 -184204.40109863953 observe 103.03946466836604 37.25891775322327 116.14585229530935 499 242
"2030-02-03 03:38:44.279" 104.41499592498525 -209734.4154366921 206011.00943163922 -184195.8206689471 slew "" "" "" "" ""
"2030-02-03 03:40:28.694" 900.0 -208112.89075186828 207668.81636367546 -184194.7331175999 observe 106.09555535190245 35.67285446406653 117.51391721211901 500 242
"2030-02-03 03:55:28.694" 115.13915060337595 -193603.69492392865 221417.8083479258 -184184.56590686672 slew "" "" "" "" ""
"2030-02-03 03:57:23.833" 900.0 -191680.63126973377 223104.95224880296 -184183.16268464277 observe 103.30902862802243 34.09281970327646 112.30329134181495 521 242
"2030-02-03 04:12:23.833" 104.57335856293851 -176153.6423521988 235706.80335771933 -184171.3935158269 slew "" "" "" "" ""
"2030-02-03 04:14:08.406" 900.0 -174294.50671154595 237102.0839164328 -184169.93399508056 observe 100.3124600007799 35.62194508276959 111.29620251093354 520 242
"2030-02-03 04:29:08.406" 104.46586139010644 -157849.48590289324 248494.72708692212 -184156.58126954496 slew "" "" "" "" ""
"2030-02-03 04:30:52.872" 900.0 -155891.07451804896 249744.22454027348 -184154.93954947576 observe 97.19339230541874 37.080339164213164 110.04703853792482 519 242
"2030-02-03 04:45:52.872" 110.18274056448227 -138622.19119348773 259861.12723282469 -184140.0051358277 slew "" "" "" "" ""
"2030-02-03 04:47:43.055" 900.0 -136461.457832351 261018.57696770327 -184138.07948700973 observe 94.67356809331436 35.3360663682821 105.89450684277331 535 242
"2030-02-03 05:02:43.055" 104.54345391273547 -118463.76720213032 269792.63865890505 -184121.55607680755 slew "" "" "" "" ""
"2030-02-03 05:04:27.599" 900.0 -116335.15359363465 270732.1386332274 -184119.54502064496 observe 97.72060062219985 33.92818372192076 106.85775139665073 536 242
"2030-02-03 05:19:27.599" 104.75292856862535 -97716.1903847934 278119.045283164 -184101.44314848815 slew "" "" "" "" ""
"2030-02-03 05:21:12.351" 900.0 -95517.15039924686 278896.2651115141 -184099.24441881262 observe 100.65445885921406 32.45096283411149 107.56061863859564 537 242
