initial-survey.ecsv
# %ECSV 1.0
# ---
# datatype:
# - {name: start_time, datatype: string}
# - {name: duration, unit: s, datatype: float64}
# - {name: observer_location.x, unit: km, datatype: float64}
# - {name: observer_location.y, unit: km, datatype: float64}
# - {name: observer_location.z, unit: km, datatype: float64}
# - {name: action, datatype: string}
# - {name: target_coord.ra, unit: deg, datatype: float64}
# - {name: target_coord.dec, unit: deg, datatype: float64}
# - {name: roll, unit: deg, datatype: float64}
# - {name: field_id, datatype: int64}
# - {name: block_id, datatype: int64}
# meta: !!omap
# - __serialized_columns__:
#     duration:
#       __class__: astropy.units.quantity.Quantity
#       unit: !astropy.units.Unit {unit: s}
#       value: !astropy.table.SerializedColumn {name: duration}
#     observer_location:
#       __class__: astropy.coordinates.earth.EarthLocation
#       ellipsoid: WGS84
#       x: !astropy.table.SerializedColumn
#         __class__: astropy.units.quantity.Quantity
#         unit: &id001 !astropy.units.Unit {unit: km}
#         value: !astropy.table.SerializedColumn
#           __class__: astropy.utils.masked.core.MaskedNDArray
#           data: !astropy.table.SerializedColumn {name: observer_location.x}
#       y: !astropy.table.SerializedColumn
#         __class__: astropy.units.quantity.Quantity
#         unit: *id001
#         value: !astropy.table.SerializedColumn
#           __class__: astropy.utils.masked.core.MaskedNDArray
#           data: !astropy.table.SerializedColumn {name: observer_location.y}
#       z: !astropy.table.SerializedColumn
#         __class__: astropy.units.quantity.Quantity
#         unit: *id001
#         value: !astropy.table.SerializedColumn
#           __class__: astropy.utils.masked.core.MaskedNDArray
#           data: !astropy.table.SerializedColumn {name: observer_location.z}
#     roll:
#       __class__: astropy.units.quantity.Quantity
#       unit: &id002 !astropy.units.Unit {unit: deg}
#       value: !astropy.table.SerializedColumn
#         __class__: astropy.utils.masked.core.MaskedNDArray
#         data: !astropy.table.SerializedColumn {name: roll}
#     start_time:
#       __class__: astropy.time.core.Time
#       format: iso
#       in_subfmt: '*'
#       out_subfmt: '*'
#       precision: 3
#       scale: utc
#       value: !astropy.table.SerializedColumn {name: start_time}
#     target_coord:
#       __class__: astropy.coordinates.sky_coordinate.SkyCoord
#       dec: !astropy.table.SerializedColumn
#         __class__: astropy.coordinates.angles.core.Latitude
#         unit: *id002
#         value: !astropy.table.SerializedColumn
#           __class__: astropy.utils.masked.core.MaskedNDArray
#           data: !astropy.table.SerializedColumn {name: target_coord.dec}
#       frame: icrs
#       ra: !astropy.table.SerializedColumn
#         __class__: astropy.coordinates.angles.core.Longitude
#         unit: *id002
#         value: !astropy.table.SerializedColumn
#           __class__: astropy.utils.masked.core.MaskedNDArray
#           data: !astropy.table.SerializedColumn {name: target_coord.ra}
#         wrap_angle: !astropy.coordinates.Angle
#           unit: *id002
#           value: 360.0
#       representation_type: unitspherical
# schema: astropy-2.0
start_time duration observer_location.x observer_location.y observer_location.z action target_coord.ra target_coord.dec roll field_id block_id
[from data line 5884]
"2030-02-23 12:48:35.841" 900.0 -93272.16362774605 35729.7963209083 61228.578305359515 observe 102.76736788669761 64.15718657548487 119.68394747810912 114 162
"2030-02-23 13:03:35.841" 106.1849578778189 -89832.99555699785 43585.20729010445 61035.33132133255 slew "" "" "" "" ""
"2030-02-23 13:05:22.026" 900.0 -89384.35855490957 44492.2597685599 61011.72601426748 observe 104.00558645383369 61.19780520093137 119.70853547808937 115 162
"2030-02-23 13:20:22.026" 106.31236226823322 -85228.7329870424 51992.0328588397 60804.82705429166 slew "" "" "" "" ""
"2030-02-23 13:22:08.338" 900.0 -84696.9125011275 52854.310015301686 60779.58090741056 observe 105.09091733150996 58.2523242133252 119.47294943783776 116 162
"2030-02-23 13:37:08.338" 106.46024418470415 -79860.30741334603 59934.20561596882 60559.03475732794 slew "" "" "" "" ""
"2030-02-23 13:38:54.798" 900.0 -79249.52636430849 60744.350140857634 60532.139798177675 observe 106.0662446811394 55.32354753928845 119.01592979937075 117 162
"2030-02-23 13:53:54.798" 105.8288111727052 -73773.11651065513 67343.5759260386 60297.959714683646 slew "" "" "" "" ""
"2030-02-23 13:55:40.627" 900.0 -73093.39280004702 68088.99945856382 60269.62284590515 observe 110.93787454038464 53.92663517035063 123.14925274133459 104 162
"2030-02-23 14:10:40.627" 107.00463718767418 -67024.17298773368 74151.16070801255 60021.84142142639 slew "" "" "" "" ""
"2030-02-23 14:12:27.632" 900.0 -66269.3529777624 74837.77900063714 59991.57343758986 observe 110.3450388955904 56.89449092182277 124.09729880885749 103 162
"2030-02-23 14:27:27.632" 106.6706019931786 -59658.27270425877 80309.92978628661 59730.20768108909 slew "" "" "" "" ""
"2030-02-23 14:29:14.303" 900.0 -58844.84706153287 80921.58001440001 59698.42670675737 observe 114.95131179441476 58.30329166982826 129.60080994883452 90 162
"2030-02-23 14:44:14.303" 105.61038979661399 -51748.29284558623 85756.48924797584 59423.52288279688 slew "" "" "" "" ""
"2030-02-23 14:45:59.913" 900.0 -50889.47659179857 86284.75209585155 59390.472798659415 observe 109.72692534345677 59.88329231684377 124.89823516422797 102 162
"2030-02-23 15:00:59.913" 106.56130058187529 -43368.159863249166 90441.02823313813 59102.09566882524 slew "" "" "" "" ""
"2030-02-23 15:02:46.474" 900.0 -42455.01060121066 90891.39240495539 59067.155337748205 observe 114.7788323847944 61.33532123055692 130.82634384662003 89 162
"2030-02-23 15:17:46.474" 105.44578149114602 -34572.3832088965 94331.93034304694 58765.351499866134 slew "" "" "" "" ""
"2030-02-23 15:19:31.920" 900.0 -33630.35094775587 94691.8698025329 58729.20853187249 observe 109.06976134223812 62.89145193232412 125.54356592106788 101 162
"2030-02-23 15:34:31.920" 106.4342666931447 -25453.660972827514 97386.97510913388 58414.06085266316 slew "" "" "" "" ""
"2030-02-23 15:36:18.354" 900.0 -24472.066552087177 97660.53526391185 58376.00461822619 observe 114.67130316224969 64.38582238481051 131.9954516539629 88 162
"2030-02-23 15:51:18.354" 105.33574769529557 -16070.457679428851 99585.15484535547 58047.57667863484 slew "" "" "" "" ""
"2030-02-23 15:53:03.690" 900.0 -15076.828456152116 99764.59539575169 58008.364585501025 observe 120.24734082890517 62.58373443236975 137.25305235691695 76 162
"2030-02-23 16:08:03.690" 106.85945627758295 -6521.848724972958 100901.6683941432 57666.75602935706 slew "" "" "" "" ""
"2030-02-23 16:09:50.549" 900.0 -5499.920664196763 100989.32740475415 57625.415970310045 observe 126.10819283481234 63.604032512752475 144.14826909504657 65 162
"2030-02-23 16:24:50.549" 105.21367049598233 3135.8711274372695 101326.28432870141 57270.70054970548 slew "" "" "" "" ""
"2030-02-23 16:26:35.763" 900.0 4147.212494374831 101318.73373264298 57228.471998248446 observe 120.81599633881336 65.64861976899056 139.0645253912886 75 162
"2030-02-23 16:41:35.763" 106.64933228936657 12790.251955451615 100852.16702221647 56860.772980316186 slew "" "" "" "" ""
"2030-02-23 16:43:22.412" 900.0 13811.886975173631 100749.2201077852 56816.434935200086 observe 127.46887766423696 66.64745352499939 146.70953087422674 64 162
"2030-02-23 16:58:22.412" 107.18464968150039 22388.49496412725 99479.95670304699 56435.84387869484 slew "" "" "" "" ""
"2030-02-23 17:00:09.597" 900.0 23402.963349338384 99281.26208426905 56389.75439939203 observe 129.36554030808432 69.67797426572504 149.6847079295293 63 162
"2030-02-23 17:15:09.597" 104.74443711178385 31839.751818489658 97217.54775958591 55996.38267116918 slew "" "" "" "" ""
"2030-02-23 17:16:54.342" 900.0 32810.648716928925 96931.79614943346 55949.86401212457 observe 122.95866859689606 71.79504134003518 143.34157351554074 73 162
"2030-02-23 17:31:54.342" 106.8235608112791 41035.899561389924 94090.80377294563 55543.86812687371 slew "" "" "" "" ""
"2030-02-23 17:33:41.165" 900.0 41996.7154431219 93708.1980711982 55494.93391355887 observe 121.67266106290809 68.72112048693364 141.04487023063413 74 162
"2030-02-23 17:48:41.165" 106.3711033705585 49939.44390084849 90110.09199393894 55076.42105512944 slew "" "" "" "" ""
"2030-02-23 17:50:27.536" 900.0 50858.71970378585 89641.18854504926 55026.22323462777 observe 114.65030977275784 67.45293542577286 133.1354570429668 87 162
"2030-02-23 18:05:27.536" 116.32850964904469 58450.707879113856 85314.41099243688 54595.3396675316 slew "" "" "" "" ""
"2030-02-23 18:00:00.000" 1800.0 55727.7917863631 86962.67450274059 54753.42310456507 downlink 67.95986923858119 33.883731343904124 82.61269968297847 "" ""
"2030-02-23 18:30:00.000" 351.874979433778 70052.43432169923 76906.59194286808 53866.85229644186 slew "" "" "" "" ""
"2030-02-23 18:35:51.875" 900.0 72654.50363288535 74666.04581284792 53688.49087571692 observe 213.29455092914557 33.30190143022032 -100.62943792680161 3611 225
"2030-02-23 18:50:51.875" 106.2414967025728 78977.92164381353 68554.70334009817 53224.87867425386 slew "" "" "" "" ""
"2030-02-23 18:52:38.116" 900.0 79691.40075487118 67798.46466096595 53169.452114999745 observe 216.60804512641064 32.08696671117761 -97.8207660171729 3610 225
"2030-02-23 19:07:38.116" 105.94279802986885 85439.35770660992 61113.518139938256 52694.05118276116 slew "" "" "" "" ""
"2030-02-23 19:09:24.059" 900.0 86080.02747360554 60294.98512248752 52637.40292785808 observe 213.6068348675542 30.413876351136913 -98.57600384380892 3598 225
"2030-02-23 19:24:24.059" 106.3558297578494 91202.0144627653 53090.570313585384 52150.38792926934 slew "" "" "" "" ""
"2030-02-23 19:26:10.415" 900.0 91768.39937844563 52210.81784704676 52092.15641964623 observe 216.83669052817055 29.168270649655458 -95.9796065142341 3597 225
"2030-02-23 19:41:10.415" 105.8685225175665 96218.51243796345 44545.10868736755 51593.69949975072 slew "" "" "" "" ""
"2030-02-23 19:42:56.284" 900.0 96700.81899878016 43618.73290447452 51534.3998124795 observe 213.91338391770466 27.541870454184565 -96.53312895237674 3585 225
"2030-02-23 19:57:56.284" 106.44200339093675 100439.18853948638 35554.229523471775 51024.68868033678 slew "" "" "" "" ""
"2030-02-23 19:59:42.726" 900.0 100837.75920586282 34579.484315136026 50963.7473514581 observe 217.07004882414307 26.26638024389455 -94.1466634991787 3584 225
"2030-02-23 20:14:42.726" 105.77250208732536 103829.5230084331 26181.69161459777 50442.96289701211 slew "" "" "" "" ""
"2030-02-23 20:16:28.498" 900.0 104136.08774104979 25177.902639108004 50381.115112946216 observe 214.2164398837512 24.686814929384074 -94.51065555202122 3574 225
"2030-02-23 20:31:28.498" 106.06417316566788 106353.35167563414 16515.609492768155 49849.456566247056 slew "" "" "" "" ""
"2030-02-23 20:33:14.562" 900.0 106568.05270882328 15482.0161033424 49786.16803119694 observe 211.41497617443997 23.06878539362914 -94.66952120917709 3565 225
"2030-02-23 20:48:14.562" 106.63400578289645 107988.47435996789 6626.046833638672 49243.82847956646 slew "" "" "" "" ""
"2030-02-23 20:50:01.196" 900.0 108108.83984633551 5568.226617544731 49178.94585762049 observe 214.5180697577588 21.849504635527932 -92.51848363092272 3564 225
"2030-02-23 21:05:01.196" 105.65346792555707 108716.29341021391 -3408.8019227725995 48626.11971097944 slew "" "" "" "" ""
"2030-02-23 21:06:46.850" 900.0 108739.50642488916 -4466.781554496082 48560.61516634632 observe 217.30922375842124 23.38230185508255 -92.33207936709653 3573 225
"2030-02-23 21:21:46.850" 107.16316009273969 108525.71531656274 -13490.94471778918 47997.51654262378 slew "" "" "" "" ""
"2030-02-23 21:23:34.013" 900.0 108451.13189665698 -14565.230905305003 47929.86422520893 observe 217.5553804091209 20.516911727555406 -90.54576469821585 3563 225
"2030-02-23 21:38:34.013" 105.22950821610301 107412.4571818887 -23562.091303938792 47356.6853135055 slew "" "" "" "" ""
"2030-02-23 21:40:19.242" 900.0 107242.99254673882 -24609.448934089567 47289.08848729041 observe 220.32789839499642 21.966605126116033 -90.33942393177372 3572 225
"2030-02-23 21:55:19.242" 106.35450937837209 105385.30083879881 -33504.73910521116 46706.05880883406 slew "" "" "" "" ""
"2030-02-23 21:57:05.597" 900.0 105117.70851635808 -34546.91232333288 46636.58710781455 observe 223.27054085846973 20.446703945974427 -88.53086922392463 3571 225
"2030-02-23 22:12:05.597" 106.46313547243636 102451.0283563169 -43266.77370828556 46043.908623450254 slew "" "" "" "" ""
"2030-02-23 22:13:52.060" 900.0 102088.37544801393 -44284.93765519825 45973.23722840738 observe 223.1403499841488 23.37508118101998 -89.95663794541714 3582 225
"2030-02-23 22:28:52.060" 106.27111748003645 98630.15040394443 -52756.77499043157 45371.12437005631 slew "" "" "" "" ""
"2030-02-23 22:30:38.331" 900.0 98175.99234963933 -53739.602201151785 45299.479347033914 observe 220.1465726746476 24.875017423615585 -91.95508751284966 3583 225
"2030-02-23 22:45:38.331" 105.14446476926531 93950.34171122 -61892.707621958405 44688.15134374272 slew "" "" "" "" ""
"2030-02-23 22:47:23.476" 900.0 93413.04240272091 -62823.8610502059 44616.2026570107 observe 223.03308443775865 26.322668833715266 -91.39624440264936 3595 225
"2030-02-23 23:02:23.476" 106.16711916333693 88450.99061256669 -70590.32794628329 43995.88854826504 slew "" "" "" "" ""
"2030-02-23 23:04:09.643" 900.0 87823.57765491075 -71480.98992926689 43922.19246860678 observe 219.97988074977235 27.801996772642582 -93.58684044407919 3596 225
"2030-02-23 23:19:09.643" 105.28594521584523 82160.57704107299 -78795.01025299939 43293.103408141 slew "" "" "" "" ""
"2030-02-23 23:20:54.929" 900.0 81458.7557760694 -79621.68182837102 43219.005839652804 observe 222.94937477898944 29.288238967801185 -92.83907519257215 3608 225
"2030-02-23 23:35:54.929" 106.03916755797296 75137.30839553282 -86421.72289903059 42581.37068391622 slew "" "" "" "" ""
"2030-02-23 23:37:40.968" 900.0 74355.54716112804 -87190.23264310231 42505.74879412287 observe 219.827682581129 30.746434225548835 -95.22428023415709 3609 225
"2030-02-23 23:52:40.968" 107.24404857617068 67422.46817526761 -93417.86839098496 41859.78321518443 slew "" "" "" "" ""
"2030-02-23 23:54:28.212" 900.0 66561.93028527644 -94123.57337055702 41782.32208954345 observe 219.6901612124193 33.707107628452576 -96.85665754370524 3623 225
"2030-02-24 00:09:28.212" 351.45092890367 59068.93067332444 -99724.35499422289 41128.23912883531 slew "" "" "" "" ""
"2030-02-24 06:00:00.000" 1800.0 -127143.34743167376 -33980.21996308358 24201.061426362252 downlink 34.166293081248654 2.072301365668487 77.34968852732509 "" ""
"2030-02-24 06:30:00.000" 357.0827735635571 -132235.47606784807 -14170.60318137998 22642.981786489716 slew "" "" "" "" ""
"2030-02-24 06:35:57.083" 900.0 -132881.1664820663 -10142.72157029977 22332.468041979308 observe 233.39985069728303 59.751217639785054 -96.92994273361597 3849 141
"2030-02-24 06:50:57.083" 104.61025612618988 -133960.95154707466 106.22742573477471 21547.861515966226 slew "" "" "" "" ""
"2030-02-24 06:52:41.693" 900.0 -134035.21502987083 1304.5280668940813 21456.48439615753 observe 228.46892938950967 58.21798186800453 -100.82346465438953 3838 141
"2030-02-24 07:07:41.693" 106.72358667795456 -134229.90640754794 11650.376810641481 20668.843148895747 slew "" "" "" "" ""
"2030-02-24 07:09:28.417" 900.0 -134200.04477648038 12879.859109010895 20575.26977431401 observe 227.96499247396542 55.11000767875373 -100.25092788521243 3771 141
"2030-02-24 07:24:28.417" 103.38885716151606 -133500.42656041365 23246.118865988385 19784.75487859028 slew "" "" "" "" ""
"2030-02-24 07:26:11.805" 900.0 -133368.77057399217 24435.10776729629 19693.785232082428 observe 231.85062006460595 53.535149563784245 -96.49206182978044 3770 141
"2030-02-24 07:41:11.805" 105.34660155503094 -131777.06920168007 34744.878365720324 18900.56963506681 slew "" "" "" "" ""
"2030-02-24 07:42:57.152" 900.0 -131538.6200437726 35945.26470326621 18807.570413182464 observe 227.427612905503 52.040940189434394 -99.65340591010472 3749 141
"2030-02-24 07:57:57.152" 103.81231770678139 -129058.97064244616 46121.63234340777 18011.809091195697 slew "" "" "" "" ""
"2030-02-24 07:59:40.964" 900.0 -128722.24857832228 47284.75533320479 17919.880009230965 observe 231.14163288270944 50.462018531387606 -96.12642790980397 3748 141
"2030-02-24 08:14:40.964" 105.33059868881126 -125368.4366889721 57251.91116266082 17121.73349495189 slew "" "" "" "" ""
"2030-02-24 08:16:26.295" 900.0 -124925.3946235217 58403.135162921 17028.189605443888 observe 227.0089225563995 48.97351233882935 -98.89380882336638 3728 141
"2030-02-24 08:31:26.295" 105.50868617639544 -120715.04065213207 68085.8870274675 16227.807779834939 slew "" "" "" "" ""
"2030-02-24 08:33:11.804" 900.0 -120172.19479448405 69201.38752993465 16133.852527439552 observe 223.06637412337025 47.37774146834249 -101.39004919008481 3709 141
"2030-02-24 08:48:11.804" 104.5861135485087 -115130.47887759472 78526.53589134818 15331.385247023605 slew "" "" "" "" ""
"2030-02-24 08:49:56.390" 900.0 -114497.53263209025 79586.58701009107 15238.017898949658 observe 226.68401714529443 45.909931937217564 -98.0030976206876 3708 141
"2030-02-24 09:04:56.390" 105.301241342579 -108656.7036710735 88483.74242166699 14433.613757145064 slew "" "" "" "" ""
"2030-02-24 09:06:41.691" 900.0 -107927.98248032972 89496.91979644666 14339.389743963266 observe 230.57310315386422 47.38764706609567 -95.58428844408562 3727 141
"2030-02-24 09:21:41.691" 105.11934706141545 -101324.94603542075 97897.87502582399 13533.190765066764 slew "" "" "" "" ""
"2030-02-24 09:23:26.810" 900.0 -100510.88583149617 98847.51513311111 13438.928137199344 observe 234.62286519530812 48.75945438380948 -92.92261327219254 3747 141
"2030-02-24 09:38:26.810" 103.82245775240997 -93188.96187064028 106687.8074988745 12631.074714594479 slew "" "" "" "" ""
"2030-02-24 09:40:10.633" 900.0 -92304.77173587454 107557.52478840141 12537.792239267086 observe 237.88295581412692 46.94595874951311 -90.0295449690986 3746 141
"2030-02-24 09:55:10.633" 104.70512361482434 -84313.36940620262 114777.27605285528 11728.422976905409 slew "" "" "" "" ""
"2030-02-24 09:56:55.338" 900.0 -83346.7663850184 115578.80224402464 11634.178823742337 observe 241.9636299208866 48.09940469791703 -87.2754640691694 3767 141
"2030-02-24 10:11:55.338" 103.46045506207861 -74738.85751458665 122121.09042775437 10823.425659591989 slew "" "" "" "" ""
"2030-02-24 10:13:38.798" 900.0 -73716.18046489109 122832.200708895 10730.150357768212 observe 238.83276050144303 50.01655448411805 -90.02181051121765 3768 141
"2030-02-24 10:28:38.798" 103.42289733695426 -64550.67142863325 128646.23857636769 9918.144834472707 slew "" "" "" "" ""
"2030-02-24 10:30:22.221" 900.0 -63467.79976214784 129270.63651399754 9824.766809531708 observe 235.46794756201197 51.83269838033665 -93.08777290780222 3769 141
"2030-02-24 10:45:22.221" 106.3447124883449 -53807.05830194765 134309.90366337102 9011.635496607765 slew "" "" "" "" ""
"2030-02-24 10:47:08.566" 900.0 -52638.844822019804 134857.7179874633 8915.493585475888 observe 236.50199496036217 54.89953860074792 -93.02851506530173 3860 141
