initial-survey.ecsv
# %ECSV 1.0
# ---
# datatype:
# - {name: start_time, datatype: string}
# - {name: duration, unit: s, datatype: float64}
# - {name: observer_location.x, unit: km, datatype: float64}
# - {name: observer_location.y, unit: km, datatype: float64}
# - {name: observer_location.z, unit: km, datatype: float64}
# - {name: action, datatype: string}
# - {name: target_coord.ra, unit: deg, datatype: float64}
# - {name: target_coord.dec, unit: deg, datatype: float64}
# - {name: roll, unit: deg, datatype: float64}
# - {name: field_id, datatype: int64}
# - {name: block_id, datatype: int64}
# meta: !!omap
# - __serialized_columns__:
#     duration:
#       __class__: astropy.units.quantity.Quantity
#       unit: !astropy.units.Unit {unit: s}
#       value: !astropy.table.SerializedColumn {name: duration}
#     observer_location:
#       __class__: astropy.coordinates.earth.EarthLocation
#       ellipsoid: WGS84
#       x: !astropy.table.SerializedColumn
#         __class__: astropy.units.quantity.Quantity
#         unit: &id001 !astropy.units.Unit {unit: km}
#         value: !astropy.table.SerializedColumn
#           __class__: astropy.utils.masked.core.MaskedNDArray
#           data: !astropy.table.SerializedColumn {name: observer_location.x}
#       y: !astropy.table.SerializedColumn
#         __class__: astropy.units.quantity.Quantity
#         unit: *id001
#         value: !astropy.table.SerializedColumn
#           __class__: astropy.utils.masked.core.MaskedNDArray
#           data: !astropy.table.SerializedColumn {name: observer_location.y}
#       z: !astropy.table.SerializedColumn
#         __class__: astropy.units.quantity.Quantity
#         unit: *id001
#         value: !astropy.table.SerializedColumn
#           __class__: astropy.utils.masked.core.MaskedNDArray
#           data: !astropy.table.SerializedColumn {name: observer_location.z}
#     roll:
#       __class__: astropy.units.quantity.Quantity
#       unit: &id002 !astropy.units.Unit {unit: deg}
#       value: !astropy.table.SerializedColumn
#         __class__: astropy.utils.masked.core.MaskedNDArray
#         data: !astropy.table.SerializedColumn {name: roll}
#     start_time:
#       __class__: astropy.time.core.Time
#       format: iso
#       in_subfmt: '*'
#       out_subfmt: '*'
#       precision: 3
#       scale: utc
#       value: !astropy.table.SerializedColumn {name: start_time}
#     target_coord:
#       __class__: astropy.coordinates.sky_coordinate.SkyCoord
#       dec: !astropy.table.SerializedColumn
#         __class__: astropy.coordinates.angles.core.Latitude
#         unit: *id002
#         value: !astropy.table.SerializedColumn
#           __class__: astropy.utils.masked.core.MaskedNDArray
#           data: !astropy.table.SerializedColumn {name: target_coord.dec}
#       frame: icrs
#       ra: !astropy.table.SerializedColumn
#         __class__: astropy.coordinates.angles.core.Longitude
#         unit: *id002
#         value: !astropy.table.SerializedColumn
#           __class__: astropy.utils.masked.core.MaskedNDArray
#           data: !astropy.table.SerializedColumn {name: target_coord.ra}
#         wrap_angle: !astropy.coordinates.Angle
#           unit: *id002
#           value: 360.0
#       representation_type: unitspherical
# schema: astropy-2.0
start_time duration observer_location.x observer_location.y observer_location.z action target_coord.ra target_coord.dec roll field_id block_id
[from data line 5882]
"2030-02-23 17:05:32.178" 900.0 26445.001964944368 98622.52366326097 56250.06806466994 observe 99.53669554038318 70.10192275359053 118.5737695256202 112 58
"2030-02-23 17:20:32.178" 105.9808643547657 34821.64449222676 96307.25859702336 55852.62921962872 slew "" "" "" "" ""
"2030-02-23 17:22:18.159" 900.0 35795.55028982752 95988.78698538343 55805.08402286332 observe 101.3117871766056 67.12686104653567 119.33855581324546 113 58
"2030-02-23 17:37:18.159" 106.02278612812893 43937.534469063234 92901.57894881666 55395.047479219895 slew "" "" "" "" ""
"2030-02-23 17:39:04.182" 900.0 44880.027530058665 92493.32646271367 55346.00724699361 observe 95.94030668691306 65.09149876562356 113.31672825147972 128 58
"2030-02-23 17:54:04.182" 452.652500477883 52717.489797351926 88657.95390703698 54923.50807393401 slew "" "" "" "" ""
"2030-02-23 18:00:00.000" 1800.0 55728.05932319621 86962.50305824654 54753.42310427862 downlink 162.09607604789835 6.127277612195756 -55.90710720057296 "" ""
"2030-02-23 18:30:00.000" 428.5579805699323 70052.67092135869 76906.37642928965 53866.85229609871 slew "" "" "" "" ""
"2030-02-23 18:37:08.558" 900.0 73212.39021268315 74166.20697499398 53649.40412054559 observe 125.26587643793115 40.33848202563859 129.07233610375314 409 120
"2030-02-23 18:52:08.558" 105.08318605034225 79493.82701929295 68009.33850362619 53184.887636511216 slew "" "" "" "" ""
"2030-02-23 18:53:53.641" 900.0 80194.42260130587 67256.29137667431 53129.96132135725 observe 122.22039900568856 42.347617283844045 127.24079359922838 408 120
"2030-02-23 19:08:53.641" 105.14339169879855 85897.06086570847 60530.39556470017 52653.682407740045 slew "" "" "" "" ""
"2030-02-23 19:10:38.785" 900.0 86527.41352792927 59713.52021782005 52597.36032389679 observe 118.9918604176806 44.296548243794184 125.20415802773385 407 120
"2030-02-23 19:25:38.785" 108.70280917641777 91600.99382616332 52472.77881189434 52109.489574892825 slew "" "" "" "" ""
"2030-02-23 19:27:27.487" 900.0 92173.7357302864 51569.42713650129 52049.86888822805 observe 115.47145847109016 43.07421581784252 120.60717220442136 424 120
"2030-02-23 19:42:27.487" 105.09792747749655 96570.63983832294 43870.89873202606 51550.54313273476 slew "" "" "" "" ""
"2030-02-23 19:44:12.585" 900.0 97043.07992858895 42947.73342711482 51491.574939616585 observe 112.06552661808915 44.867764703008184 118.53235149422717 423 120
"2030-02-23 19:59:12.585" 106.76163886229409 100725.95502540376 34855.60799821128 50981.01767782719 slew "" "" "" "" ""
"2030-02-23 20:00:59.347" 900.0 101118.97623895055 33874.95202485011 50919.79361569056 observe 108.75363333235715 43.463701396043184 114.45083330917005 441 120
"2030-02-23 20:15:59.347" 104.99787198671626 104052.6323299056 25454.55545058762 50398.173949788375 slew "" "" "" "" ""
"2030-02-23 20:17:44.345" 900.0 104350.08760310493 24455.799785251107 50336.68301625822 observe 112.12037855070446 41.74884507543746 116.34861406055026 442 120
"2030-02-23 20:32:44.345" 107.19415680926791 106507.94256959605 15776.401997891835 49804.21234116042 slew "" "" "" "" ""
"2030-02-23 20:34:31.539" 900.0 106717.70859603894 14730.067901332251 49740.15298839039 observe 108.93541752892153 40.33123973526051 112.41747662377054 460 120
"2030-02-23 20:49:31.539" 104.89718519870647 108076.4065250884 5862.249956706529 49197.004404380365 slew "" "" "" "" ""
"2030-02-23 20:51:16.436" 900.0 108187.63594864831 4820.615633368049 49133.08622519288 observe 112.09295905241363 38.61553555967336 113.91543586609887 461 120
"2030-02-23 21:06:16.436" 104.92550593163911 108733.85032461949 -4162.5048708895965 48579.484427020405 slew "" "" "" "" ""
"2030-02-23 21:08:01.362" 900.0 108749.76544694827 -5213.580557770503 48514.342111170205 observe 115.1021239180887 36.83500713788009 115.18088267534146 462 120
"2030-02-23 21:23:01.362" 104.97603409868586 108474.92039698029 -14238.280290581126 47950.49057252508 slew "" "" "" "" ""
"2030-02-23 21:24:46.338" 900.0 108394.83836036964 -15290.385648185462 47884.13334589864 observe 117.97307456147182 34.998095108617285 116.21115987898473 463 120
"2030-02-23 21:39:46.338" 105.06006056530252 107296.986416775 -24282.40964231379 47310.238642734075 slew "" "" "" "" ""
"2030-02-23 21:41:31.398" 900.0 107120.9189369088 -25327.205431882783 47242.668089894614 observe 120.71618423092659 33.11280469433435 117.00069128185636 464 120
"2030-02-23 21:56:31.398" 112.16174532239155 105204.75248201609 -34212.35594374574 46658.939473500126 slew "" "" "" "" ""
"2030-02-23 21:58:23.559" 900.0 104915.02645440513 -35309.77631548545 46585.58482246384 observe 123.988647090653 34.245551920481 121.6373273393897 446 120
"2030-02-23 22:13:23.559" 105.01718175688558 102186.29486453916 -44012.99064190505 45992.16780647235 slew "" "" "" "" ""
"2030-02-23 22:15:08.577" 900.0 101821.47900405878 -45015.07824961675 45922.3718404424 observe 121.23697421605273 36.20000857533998 120.65750399541523 445 120
"2030-02-23 22:30:08.577" 104.99191238083688 98303.95117551848 -53465.127297699364 45319.55060453609 slew "" "" "" "" ""
"2030-02-23 22:31:53.569" 900.0 97848.51120723577 -54433.29435805312 45248.68699620707 observe 118.3498902465632 38.10775758393948 119.44928942840946 444 120
"2030-02-23 22:46:53.569" 104.98454241722676 93566.59439858992 -62559.77518917124 44636.67877452663 slew "" "" "" "" ""
"2030-02-23 22:48:38.553" 900.0 93023.69338782947 -63486.11466864885 44564.76121210355 observe 115.31512676019742 39.96036427154742 118.01359700190015 443 120
"2030-02-23 23:03:38.553" 109.1694269017632 88007.99185145368 -71221.02592008209 43943.78471591621 slew "" "" "" "" ""
"2030-02-23 23:05:27.723" 900.0 87356.37226149511 -72132.67102968112 43867.92364672501 observe 118.69083207934685 41.20785850644351 122.45187366664751 425 120
"2030-02-23 23:20:27.723" 105.02841699752624 81640.63705194481 -79408.92307340718 43238.162887788356 slew "" "" "" "" ""
"2030-02-23 23:22:12.751" 900.0 80934.58374726446 -80228.89582477247 43164.169305395335 observe 121.73848418141858 39.27887169890405 124.07596714520652 426 120
"2030-02-23 23:37:12.751" 104.9912794429431 74564.04718501073 -86986.65731871541 42525.88181362623 slew "" "" "" "" ""
"2030-02-23 23:38:57.742" 900.0 73784.5406718105 -87742.4174552018 42450.9326341661 observe 124.62920213071874 37.29675991286014 125.48773815804255 427 120
"2030-02-23 23:53:57.742" 435.1192436444199 66806.85586864353 -93924.08692615718 41804.340470389485 slew "" "" "" "" ""
"2030-02-24 00:00:00.000" 1800.0 63854.884178618915 -96256.14090471191 41542.025563462405 downlink 143.6533239862392 13.409867504356141 104.72097633052523 "" ""
"2030-02-24 00:30:00.000" 298.0779031541604 48090.004863910486 -106407.57848873793 40221.61122972072 slew "" "" "" "" ""
"2030-02-24 00:34:58.078" 900.0 45320.02917721371 -107845.23441211204 40000.28097767939 observe 141.80559986210412 73.13598515214716 163.56495800734547 52 57
"2030-02-24 00:49:58.078" 104.26124376052184 36719.299070369365 -111742.4668342295 39327.53469983519 slew "" "" "" "" ""
"2030-02-24 00:51:42.339" 900.0 35701.554106786876 -112149.97663138855 39249.170954968184 observe 136.06046981857335 75.62124844445472 157.7439533301235 61 57
"2030-02-24 01:06:42.339" 105.91421231848014 26752.94867734241 -115277.81417971382 38569.08991901893 slew "" "" "" "" ""
"2030-02-24 01:08:28.253" 900.0 25682.10731899076 -115599.30795138088 38488.63292289995 observe 147.8605734187806 75.84608571197568 170.41624111953203 51 57
"2030-02-24 01:23:28.253" 103.92883722581323 16454.133764852217 -117926.80655024196 37801.42621516101 slew "" "" "" "" ""
"2030-02-24 01:25:12.182" 900.0 15375.22098030332 -118148.4756361975 37721.66807878321 observe 142.25627908704126 78.44851308464027 164.68829513177968 60 57
"2030-02-24 01:40:12.182" 105.67340935281752 5939.773978870009 -119653.77987755727 37027.569501812875 slew "" "" "" "" ""
"2030-02-24 01:41:57.856" 900.0 4822.64025022406 -119781.42586819596 36945.675481963655 observe 156.79869578062838 78.30683752109532 -179.9541013143037 50 57
"2030-02-24 01:56:57.856" 103.56247932449328 -4747.321050219226 -120446.0129537338 36244.89197954499 slew "" "" "" "" ""
"2030-02-24 01:58:41.418" 900.0 -5853.332131408992 -120473.7424453309 36163.877976864285 observe 152.48192862807556 81.03816179218991 175.5646257750253 59 57
"2030-02-24 02:13:41.418" 105.43757993242218 -15483.08450786767 -120288.8180443835 35456.64061916499 slew "" "" "" "" ""
"2030-02-24 02:15:26.856" 900.0 -16611.7340956726 -120217.07850951911 35373.41564661585 observe 170.13062940682076 80.31478467317827 -166.03249953316597 49 57
"2030-02-24 02:30:26.856" 103.16250865530563 -26226.10373558698 -119177.07486965608 34659.92820665732 slew "" "" "" "" ""
"2030-02-24 02:32:10.018" 900.0 -27324.319368910157 -119009.0122403402 34577.795694464694 observe 170.0875016624621 83.1019865356405 -166.27699224629617 58 57
"2030-02-24 02:47:10.018" 103.01355368480114 -36848.10832672363 -117118.50406141188 33858.285845257094 slew "" "" "" "" ""
"2030-02-24 02:48:53.032" 900.0 -37930.08342547034 -116853.75209563853 33775.59478234317 observe 170.04634367371492 85.87344091048473 -166.4630079390245 68 57
"2030-02-24 03:03:53.032" 106.29750032116175 -47288.62014792534 -114122.086774543 33050.274715326974 slew "" "" "" "" ""
"2030-02-24 03:05:39.329" 900.0 -48381.14884500034 -113750.19596274305 32964.27263815235 observe 144.5805157220391 83.6640279006845 167.54609609134772 69 57
"2030-02-24 03:20:39.329" 105.45066258089562 -57499.870754573865 -110190.43752678712 32233.333530823933 slew "" "" "" "" ""
"2030-02-24 03:22:24.780" 900.0 -58551.327879658784 -109725.71176832437 32147.370746988203 observe 119.49711311134443 82.94140766700244 141.80308999413185 82 57
"2030-02-24 03:37:24.780" 103.67768420236794 -67357.98287189828 -105360.82426994304 31411.02532952009 slew "" "" "" "" ""
"2030-02-24 03:39:08.458" 900.0 -68351.75948677638 -104812.77348336374 31325.897483885085 observe 133.61833564660986 80.87100914043958 155.96870446259481 70 57
"2030-02-24 03:54:08.458" 106.45308434963361 -76776.81047080444 -99672.63572872218 30584.360240838265 slew "" "" "" "" ""
"2030-02-24 03:55:54.911" 900.0 -77747.94180422994 -99020.02334372397 30496.35066292396 observe 128.09791366823194 77.89922214797029 149.74552223716495 71 57
"2030-02-24 04:10:54.911" 104.0290480128788 -85722.70806062582 -93137.11138865698 29749.81030474523 slew "" "" "" "" ""
"2030-02-24 04:12:38.940" 900.0 -86615.95894508103 -92415.8378701925 29663.23880340979 observe 116.86962799092805 79.83908396913085 138.51711508046614 83 57
"2030-02-24 04:27:38.940" 103.91002423034843 -94077.25004165205 -85832.27659708961 28911.907326017117 slew "" "" "" "" ""
"2030-02-24 04:29:22.850" 900.0 -94906.6345818766 -85033.4842805128 28824.89316441621 observe 101.39166759447087 81.22609536456709 123.06889205573582 95 57
"2030-02-24 04:44:22.850" 105.98676412815432 -101794.01072786392 -77795.12194491684 28068.968031315864 slew "" "" "" "" ""
"2030-02-24 04:46:08.836" 900.0 -102568.90895590089 -76906.0850428409 27979.684789178307 observe 103.83570684513238 78.1520644719389 124.82166002801368 96 57
"2030-02-24 05:01:08.836" 104.2355085272881 -108824.65706275174 -69062.62973526705 27219.351110877946 slew "" "" "" "" ""
"2030-02-24 05:02:53.072" 900.0 -109510.56864761606 -68121.41104904344 27131.044129883576 observe 115.65251837869775 76.7314667001968 136.5549370180241 84 57
"2030-02-24 05:17:53.072" 104.34754403487995 -115083.93454087125 -59729.66806669389 26366.500919497787 slew "" "" "" "" ""
"2030-02-24 05:19:37.420" 900.0 -115688.652555285 -58727.27088838177 26277.62189943356 observe 124.93022235222371 74.86048689442465 145.78019256826983 72 57
"2030-02-24 05:34:37.420" 104.45567704183004 -120532.71798291044 -49847.24368678381 25509.056845757077 slew "" "" "" "" ""
"2030-02-24 05:36:21.875" 900.0 -121050.90390064109 -48790.77889403305 25419.629712310827 observe 132.06880370923773 72.67893163552208 152.9011110731202 62 57
"2030-02-24 05:51:21.875" 294.72928727132665 -125124.06859369607 -39486.39610020812 24647.227466322798 slew "" "" "" "" ""
"2030-02-24 06:00:00.000" 1800.0 -127143.45196962709 -33979.82881196579 24201.061426929933 downlink 124.62965512895357 12.641916013167187 92.12082909587133 "" ""
"2030-02-24 06:30:00.000" 393.69826283880633 -132235.5196623645 -14170.196364649597 22642.981787069082 slew "" "" "" "" ""
"2030-02-24 06:36:33.698" 900.0 -132940.46445240118 -9727.88396815875 22300.60214808825 observe 189.49495792310663 -25.510137921207093 -46.15534718938249 4787 192
"2030-02-24 06:51:33.698" 106.21587996728074 -133988.16268994662 525.9325585914928 21515.882044342674 slew "" "" "" "" ""
"2030-02-24 06:53:19.914" 900.0 -134059.66859145794 1743.0456123300314 21423.089086441734 observe 188.0111771577449 -22.786531683802114 -46.55529029611714 4769 192
"2030-02-24 07:08:19.914" 106.83470100610579 -134220.46765270302 12091.076378561947 20635.335698712843 slew "" "" "" "" ""
"2030-02-24 07:10:06.749" 900.0 -134186.53228748293 13321.924280010648 20541.651946798833 observe 186.61600602656233 -20.01913994409946 -47.262844255544636 4751 192
"2030-02-24 07:25:06.749" 114.43792447797725 -133452.7736387933 23687.433902156623 19751.03090081437 slew "" "" "" "" ""
"2030-02-24 07:27:01.187" 900.0 -133302.0833527187 25003.164136004965 19650.324429411503 observe 188.41778273426192 -17.615126883845825 -51.17211753350247 4752 192
"2030-02-24 07:42:01.187" 107.5628988600545 -131666.5441988342 35308.16906888188 18856.98007156653 slew "" "" "" "" ""
"2030-02-24 07:43:48.750" 900.0 -131417.74364424817 36532.99580267994 18762.009064443457 observe 189.82399444055036 -20.395547461794294 -50.20990102632439 4770 192
"2030-02-24 07:58:48.750" 106.80716210251602 -128892.77095751815 46700.44523710253 17966.121352492228 slew "" "" "" "" ""
"2030-02-24 08:00:35.557" 900.0 -128540.84367011566 47895.795076606 17871.52529703437 observe 191.31639623128675 -23.13173897262055 -49.583065170740745 4788 192
"2030-02-24 08:15:35.557" 111.33581603657012 -125139.94355708848 57849.40664984101 17073.25348517002 slew "" "" "" "" ""
"2030-02-24 08:17:26.893" 900.0 -124665.56948508402 59064.23187362465 16974.36056612002 observe 193.05381732487697 -20.739353079531842 -52.93558709773417 4789 192
"2030-02-24 08:32:26.893" 111.29566641726987 -120404.3028551734 68727.4700982597 16173.848838070628 slew "" "" "" "" ""
"2030-02-24 08:34:18.188" 900.0 -119825.19117485976 69901.34030340427 16074.72404792717 observe 194.71634956868536 -18.337059901937565 -56.20356820718483 4790 192
"2030-02-24 08:49:18.188" 107.20262347410076 -114729.6021921276 79200.34308901093 15272.12428955292 slew "" "" "" "" ""
"2030-02-24 08:51:05.391" 900.0 -114074.40963800623 80283.45642153201 15176.405595509612 observe 191.55716858585288 -17.990356346027855 -53.7902945668307 4771 192
"2030-02-24 09:06:05.391" 108.30838748119632 -108179.97283725478 89148.67149672689 14371.873713894267 slew "" "" "" "" ""
"2030-02-24 09:07:53.699" 900.0 -107424.01347108702 90186.57054971853 14274.943789265217 observe 190.14410385080282 -15.19694537603067 -55.004606725264 4753 192
"2030-02-24 09:22:53.699" 107.09424442669213 -100767.94723429134 98549.44217624507 13468.621665587158 slew "" "" "" "" ""
"2030-02-24 09:24:40.794" 900.0 -99932.3887642964 99512.0533962602 13372.573856096742 observe 193.21907880533718 -15.575024175071242 -57.28197600505706 4772 192
"2030-02-24 09:39:40.794" 109.04336540376279 -92559.38173450853 107308.60604189768 12564.604098795886 slew "" "" "" "" ""
"2030-02-24 09:41:29.837" 900.0 -91624.55137757174 108216.2952388734 12466.616775726054 observe 191.80264626593504 -12.768602653717817 -58.73951399626611 4754 192
"2030-02-24 09:56:29.837" 106.87799302984277 -83582.51683584797 115384.60450062316 11657.133617619282 slew "" "" "" "" ""
"2030-02-24 09:58:16.715" 900.0 -82590.01949161579 116196.30799686459 11560.920603071068 observe 188.8061005425678 -12.36393037094559 -56.62169629720484 4736 192
