initial-survey.ecsv
# %ECSV 1.0
# ---
# datatype:
# - {name: start_time, datatype: string}
# - {name: duration, unit: s, datatype: float64}
# - {name: observer_location.x, unit: km, datatype: float64}
# - {name: observer_location.y, unit: km, datatype: float64}
# - {name: observer_location.z, unit: km, datatype: float64}
# - {name: action, datatype: string}
# - {name: target_coord.ra, unit: deg, datatype: float64}
# - {name: target_coord.dec, unit: deg, datatype: float64}
# - {name: roll, unit: deg, datatype: float64}
# - {name: field_id, datatype: int64}
# - {name: block_id, datatype: int64}
# meta: !!omap
# - __serialized_columns__:
#     duration:
#       __class__: astropy.units.quantity.Quantity
#       unit: !astropy.units.Unit {unit: s}
#       value: !astropy.table.SerializedColumn {name: duration}
#     observer_location:
#       __class__: astropy.coordinates.earth.EarthLocation
#       ellipsoid: WGS84
#       x: !astropy.table.SerializedColumn
#         __class__: astropy.units.quantity.Quantity
#         unit: &id001 !astropy.units.Unit {unit: km}
#         value: !astropy.table.SerializedColumn
#           __class__: astropy.utils.masked.core.MaskedNDArray
#           data: !astropy.table.SerializedColumn {name: observer_location.x}
#       y: !astropy.table.SerializedColumn
#         __class__: astropy.units.quantity.Quantity
#         unit: *id001
#         value: !astropy.table.SerializedColumn
#           __class__: astropy.utils.masked.core.MaskedNDArray
#           data: !astropy.table.SerializedColumn {name: observer_location.y}
#       z: !astropy.table.SerializedColumn
#         __class__: astropy.units.quantity.Quantity
#         unit: *id001
#         value: !astropy.table.SerializedColumn
#           __class__: astropy.utils.masked.core.MaskedNDArray
#           data: !astropy.table.SerializedColumn {name: observer_location.z}
#     roll:
#       __class__: astropy.units.quantity.Quantity
#       unit: &id002 !astropy.units.Unit {unit: deg}
#       value: !astropy.table.SerializedColumn
#         __class__: astropy.utils.masked.core.MaskedNDArray
#         data: !astropy.table.SerializedColumn {name: roll}
#     start_time:
#       __class__: astropy.time.core.Time
#       format: iso
#       in_subfmt: '*'
#       out_subfmt: '*'
#       precision: 3
#       scale: utc
#       value: !astropy.table.SerializedColumn {name: start_time}
#     target_coord:
#       __class__: astropy.coordinates.sky_coordinate.SkyCoord
#       dec: !astropy.table.SerializedColumn
#         __class__: astropy.coordinates.angles.core.Latitude
#         unit: *id002
#         value: !astropy.table.SerializedColumn
#           __class__: astropy.utils.masked.core.MaskedNDArray
#           data: !astropy.table.SerializedColumn {name: target_coord.dec}
#       frame: icrs
#       ra: !astropy.table.SerializedColumn
#         __class__: astropy.coordinates.angles.core.Longitude
#         unit: *id002
#         value: !astropy.table.SerializedColumn
#           __class__: astropy.utils.masked.core.MaskedNDArray
#           data: !astropy.table.SerializedColumn {name: target_coord.ra}
#         wrap_angle: !astropy.coordinates.Angle
#           unit: *id002
#           value: 360.0
#       representation_type: unitspherical
# schema: astropy-2.0
start_time duration observer_location.x observer_location.y observer_location.z action target_coord.ra target_coord.dec roll field_id block_id
[from data line 114]
"2030-01-01 16:31:21.730" 900.0 -111890.74164984893 -16655.710788692082 70080.56837283623 observe 334.0297258187977 -3.737330301242895 64.10621858441233 1886 141
"2030-01-01 16:46:21.730" 104.46116474177047 -112380.42523499076 -7437.84852464224 70180.97457767205 slew "" "" "" "" ""
"2030-01-01 16:48:06.191" 900.0 -112389.18468491334 -6367.825423706265 70191.99361775754 observe 331.36354579428 -3.256867192389646 63.05241970501005 1897 141
"2030-01-01 17:03:06.191" 106.83402218345401 -112051.48593037527 2828.992074455525 70281.42252188384 slew "" "" "" "" ""
"2030-01-01 17:04:53.025" 900.0 -111962.38256973983 3916.4585266551703 70291.38031176398 observe 333.52062131806645 -0.9074907034226403 62.161966282661176 1885 141
"2030-01-01 17:19:53.025" 104.15673877193532 -110801.9126546501 13018.814585208704 70369.68949642986 slew "" "" "" "" ""
"2030-01-01 17:21:37.182" 900.0 -110620.58380439442 14063.903563883105 70378.1059490285 observe 330.895474520986 -0.4499715507137564 60.987013076844384 1896 141
"2030-01-01 17:36:37.182" 104.27138646970113 -108652.48460343473 22999.800773337218 70445.21159477139 slew "" "" "" "" ""
"2030-01-01 17:38:21.453" 900.0 -108378.38147067797 24022.626550346806 70452.33278277115 observe 332.3340592947371 1.918555034965823 60.02332002823332 1577 141
"2030-01-01 17:53:21.453" 405.81846758317994 -105621.79532665998 32721.349655962316 70508.12330311173 slew "" "" "" "" ""
"2030-01-01 18:00:00.000" 1800.0 -104180.82178953184 36490.04774561234 70529.565450048 downlink 118.84278564629574 29.24770037013695 -108.45074215673372 "" ""
"2030-01-01 18:30:00.000" 397.47827647246265 -96057.23077755835 52723.90961127699 70601.21673564572 slew "" "" "" "" ""
"2030-01-01 18:36:37.478" 900.0 -93921.59487620881 56108.35173547057 70611.43686389002 observe 331.0152881968917 16.600132513093502 51.821512611009844 4320 139
"2030-01-01 18:51:37.478" 104.02397421133523 -88655.80060955828 63463.32926361129 70627.02344324064 slew "" "" "" "" ""
"2030-01-01 18:53:21.502" 900.0 -88009.8951648402 64284.297900778474 70628.14672834061 observe 329.68344380215916 14.078182142573203 52.134014675528334 4319 139
"2030-01-01 19:08:21.502" 104.29510012002086 -82114.11442536935 71117.54111969272 70631.96778180174 slew "" "" "" "" ""
"2030-01-01 19:10:05.797" 900.0 -81396.30921943182 71877.00381662208 70631.72503957103 observe 328.37893793298275 11.535907900513315 52.60692912348179 4318 139
"2030-01-01 19:25:05.797" 107.15982914584171 -74920.16715585598 78134.932578165 70623.68646859626 slew "" "" "" "" ""
"2030-01-01 19:26:52.957" 900.0 -74116.60724160346 78843.65223910776 70622.01769868798 observe 326.4407690184326 13.599190034707608 50.36995650912677 4302 139
"2030-01-01 19:41:52.957" 104.77619283216325 -67112.99787090297 84475.61194608823 70601.99849418004 slew "" "" "" "" ""
"2030-01-01 19:43:37.733" 900.0 -66269.31777528179 85093.12639995819 70598.96883380783 observe 325.17950338878063 10.99003219260816 50.94883678210219 4301 139
"2030-01-01 19:58:37.733" 105.10978128696692 -58798.02187649296 90056.72471955494 70566.91466853958 slew "" "" "" "" ""
"2030-01-01 20:00:22.843" 900.0 -57900.59094012259 90595.78732054148 70562.46493573031 observe 323.9351369153428 8.367291815535209 51.705906061261295 4300 139
"2030-01-01 20:15:22.843" 107.96860885894131 -50023.58369799414 94852.33558245568 70518.29367406412 slew "" "" "" "" ""
"2030-01-01 20:17:10.812" 900.0 -49056.87620304634 95319.0347050277 70512.2627077137 observe 325.8297674215897 6.400006259652086 54.07392096402658 4316 139
"2030-01-01 20:32:10.812" 104.96363620172278 -40838.57437477995 98833.59033199564 70455.86607586849 slew "" "" "" "" ""
"2030-01-01 20:33:55.775" 900.0 -39862.955445398125 99199.21173349684 70448.57518328886 observe 327.0962312348544 8.975716441190459 53.2496142454606 4317 139
"2030-01-01 20:48:55.775" 107.18506723497882 -31372.387718156155 101947.10325085754 70379.9208742756 slew "" "" "" "" ""
"2030-01-01 20:50:42.960" 900.0 -30347.80374932667 102227.7038350478 70371.0103480891 observe 330.29110142744906 9.487686009401683 54.73543823353708 4329 139
"2030-01-01 21:05:42.960" 104.41621823287156 -21654.613243411106 104186.4794691042 70290.00739325497 slew "" "" "" "" ""
"2030-01-01 21:07:27.377" 900.0 -20637.155794225982 104367.45323096319 70279.89285520185 observe 328.991134550003 6.97522918039922 55.437860104024374 4328 139
"2030-01-01 21:22:27.377" 108.42274259899031 -11813.481160725389 105524.90148965892 70186.51666217468 slew "" "" "" "" ""
"2030-01-01 21:24:15.799" 900.0 -10745.601838402667 105615.48778647107 70174.51713067741 observe 330.7709119886181 4.699012089424354 57.6327595818377 1597 139
"2030-01-01 21:39:15.799" 105.657867510517 -1863.823252606814 105960.43039672228 70068.66485581426 slew "" "" "" "" ""
"2030-01-01 21:41:01.457" 900.0 -820.6615208924582 105953.24459665887 70055.5057491229 observe 333.6263836242929 4.295088136934708 59.086130222530855 1576 139
"2030-01-01 21:56:01.457" 103.5463872731878 8045.904943984472 105486.45707214337 69937.16367722605 slew "" "" "" "" ""
"2030-01-01 21:57:45.004" 900.0 9062.279347167112 105386.29498649374 69922.82955287678 observe 334.94429417698586 6.678243476637936 58.38106692198536 1575 139
"2030-01-01 22:12:45.004" 105.60573075331519 17841.006284892508 104114.53053878216 69791.9817647609 slew "" "" "" "" ""
"2030-01-01 22:14:30.609" 900.0 18863.03401124143 103918.3800968672 69775.89139119443 observe 332.04409294880503 7.059418125584412 56.89506582878481 1596 139
"2030-01-01 22:29:30.609" 103.22327265677256 27481.67829333971 101851.50956299924 69632.4756940056 slew "" "" "" "" ""
"2030-01-01 22:31:13.833" 900.0 28458.23011808383 101569.60996618096 69615.30671513158 observe 333.34341332734897 9.426396448104793 56.30837713970425 1595 139
"2030-01-01 22:46:13.833" 103.16565326927798 36846.60026520034 98727.36399230105 69459.32224568083 slew "" "" "" "" ""
"2030-01-01 22:47:56.998" 900.0 37792.2402523213 98358.01063349051 69440.72062897621 observe 334.67417271586834 11.799208774158558 55.86738341623691 1594 139
"2030-01-01 23:02:56.998" 106.00325989320481 45881.73440870002 94764.46386755859 69272.1434115328 slew "" "" "" "" ""
"2030-01-01 23:04:43.002" 900.0 46814.17279058505 94298.00122055314 69251.54364483264 observe 331.6117536436443 11.980054652647071 54.204577483959405 4330 139
"2030-01-01 23:19:43.002" 103.79431077415181 54537.46158216557 89981.2043466911 69070.31928749711 slew "" "" "" "" ""
"2030-01-01 23:21:26.796" 900.0 55404.56330530192 89443.11329710473 69048.69099252074 observe 332.9581647921772 14.44995860659739 53.835317791613846 4331 139
"2030-01-01 23:36:26.796" 103.0287237807378 62699.03549019839 84440.57159236612 68854.83464202116 slew "" "" "" "" ""
"2030-01-01 23:38:09.825" 900.0 63507.17817652064 83830.24822505175 68831.91988446841 observe 334.31328477228 16.83428743994043 53.63037525080957 1614 139
"2030-01-01 23:53:09.825" 397.5728520795621 70313.32739934504 78183.82496554955 68625.43476057297 slew "" "" "" "" ""
"2030-01-02 00:00:00.000" 1800.0 73256.65203852278 75429.50738672924 68527.56979615815 downlink 97.88578828656841 21.051798238491056 63.500644809539736 "" ""
"2030-01-02 00:30:00.000" 331.2231222814457 84880.4351904193 62118.4779340931 68070.28512463343 slew "" "" "" "" ""
"2030-01-02 00:35:31.223" 900.0 86774.12528280707 59469.90047462621 67981.20654831284 observe 358.88152883565664 -8.13412769639554 68.30655935779825 1728 272
"2030-01-02 00:50:31.223" 103.89891649479503 91507.64259451302 51996.447910701965 67731.42965612102 slew "" "" "" "" ""
"2030-01-02 00:52:15.122" 900.0 92014.29579936332 51109.20512642458 67701.86730333304 observe 356.0377180965816 -7.659085578427758 68.25481709972492 1742 272
"2030-01-02 01:07:15.122" 103.86709148714317 96046.72773229187 43231.52986205483 67439.49816423438 slew "" "" "" "" ""
"2030-01-02 01:08:58.989" 900.0 96470.2626287464 42301.58251620717 67408.49314947988 observe 353.2149623475117 -7.176452271778672 68.10567304981274 1757 272
"2030-01-02 01:23:58.989" 105.65517164187071 99767.86466432731 34084.31600981345 67133.5602688508 slew "" "" "" "" ""
"2030-01-02 01:25:44.644" 900.0 100110.59802556713 33102.37422294015 67100.5471829666 observe 355.0931272053557 -4.72680705978018 67.37620819659585 1741 272
"2030-01-02 01:40:44.644" 103.50994503779557 102644.11433902087 24612.487212406842 66813.06282824997 slew "" "" "" "" ""
"2030-01-02 01:42:28.154" 900.0 102890.73840822003 23623.13619383394 66779.28026638782 observe 352.3332969893175 -4.246051642897783 67.07962486329907 1756 272
"2030-01-02 01:57:28.154" 105.87845605793234 104640.03757346021 14930.873815796582 66479.31222236944 slew "" "" "" "" ""
"2030-01-02 01:59:14.033" 900.0 104798.90943551016 13899.225013347326 66443.28897557451 observe 350.41335718106336 -6.6880917974482115 67.85641270833406 1774 272
"2030-01-02 02:14:14.033" 106.100776907606 105746.64383763161 5075.641968131287 66130.85533725165 slew "" "" "" "" ""
"2030-01-02 02:16:00.133" 900.0 105810.6872498548 4030.617153153432 66093.28978836388 observe 348.41992320343275 -9.098806137970977 68.80346212574308 1793 272
"2030-01-02 02:31:00.133" 104.17116874218914 105947.6169807215 -4851.545510597299 65768.44186022539 slew "" "" "" "" ""
"2030-01-02 02:32:44.305" 900.0 105916.47284224264 -5880.1080032497 65730.1273518888 observe 351.26441140149643 -9.598377670983353 69.00328168414667 1775 272
"2030-01-02 02:47:44.305" 104.17385240545258 105241.63313777932 -14747.619703564442 65392.94922315355 slew "" "" "" "" ""
"2030-01-02 02:49:28.479" 900.0 105116.63984131669 -15770.281219107941 65353.21025639809 observe 354.1321437343941 -10.09028586660841 69.09768374067744 1758 272
"2030-01-02 03:04:28.479" 105.85350894281066 103634.04430744304 -24550.126435251514 65003.76842146073 slew "" "" "" "" ""
"2030-01-02 03:06:14.332" 900.0 103412.45125027986 -25574.67559344374 64961.94928860407 observe 352.14952583269286 -12.492510449041607 70.11570455921282 1776 272
"2030-01-02 03:21:14.332" 104.46245406461816 101131.29693183227 -34194.12463038243 64600.2961818252 slew "" "" "" "" ""
"2030-01-02 03:22:58.794" 900.0 100820.86023793365 -35182.43783426233 64557.61470957969 observe 349.23545972228794 -11.987485049015666 70.07906753979496 1794 272
"2030-01-02 03:37:58.794" 107.02109227740024 97759.22297205859 -43570.41196199842 64183.84624257154 slew "" "" "" "" ""
"2030-01-02 03:39:45.816" 900.0 97349.52516557268 -44551.19126982757 64138.68181259031 observe 350.0831964092396 -14.860262882748067 71.31985620437545 1795 272
"2030-01-02 03:54:45.816" 106.32903770176861 93528.77381992806 -52637.34552446416 63752.85249554586 slew "" "" "" "" ""
"2030-01-02 03:56:32.145" 900.0 93033.70311777461 -53572.10285872212 63706.56099198483 observe 347.9259216673523 -17.187446991545954 72.72272053609638 1814 272
"2030-01-02 04:11:32.145" 104.95950575811736 88483.87608987828 -61289.199317398234 63308.77050436992 slew "" "" "" "" ""
"2030-01-02 04:13:17.104" 900.0 87912.17037519228 -62165.08934688197 63261.68681435299 observe 350.9675451738181 -17.715253736019637 72.5143387358343 1796 272
"2030-01-02 04:28:17.104" 106.29581172043811 82669.61750283463 -69449.20534784198 62852.04847864862 slew "" "" "" "" ""
"2030-01-02 04:30:03.400" 900.0 82011.08325858082 -70281.39983215484 62802.97106677455 observe 348.7646100695679 -20.019204910075175 74.0535611659437 1815 272
"2030-01-02 04:45:03.400" 105.16263020103906 76115.92839956137 -77070.82919711886 62381.57205227465 slew "" "" "" "" ""
"2030-01-02 04:46:48.563" 900.0 75390.81513496231 -77832.96205902158 62331.650642315 observe 351.8936173308283 -20.55035371058889 73.65037041737733 1797 272
"2030-01-02 05:01:48.563" 105.98689468584027 68890.1080703747 -84071.05712688217 61898.612618436426 slew "" "" "" "" ""
"2030-01-02 05:03:34.549" 900.0 68090.90130227887 -84771.01097410171 61846.935323008845 observe 354.03994211364954 -18.224385989341968 72.19298884577057 1778 272
"2030-01-02 05:18:34.549" 106.67114222457676 61035.44500668035 -90404.40234478777 61402.36271086839 slew "" "" "" "" ""
"2030-01-02 05:20:21.221" 900.0 60168.5375844825 -91034.22873072952 61348.991182467915 observe 353.0730270177323 -15.36858004679914 71.18279166305204 1777 272
"2030-01-02 05:35:21.221" 105.81364940597376 52613.885478928474 -96014.26961997173 60892.99558497359 slew "" "" "" "" ""
"2030-01-02 05:37:07.034" 900.0 51698.73704798976 -96559.62034124654 60838.71788239676 observe 355.0890339546353 -12.985687740698747 70.04534010017377 1759 272
"2030-01-02 05:52:07.034" 105.5915339147297 43705.30764359182 -100843.81837054495 60371.43351770701 slew "" "" "" "" ""
"2030-01-02 05:53:52.626" 900.0 42744.2745133711 -101304.08779577371 60315.95295354209 observe 357.0229412210867 -10.572447925319494 69.09006826286294 1743 272
"2030-01-02 06:08:52.626" 335.00610330068537 34375.75213629669 -104855.06337418701 59837.51168223118 slew "" "" "" "" ""
"2030-01-02 06:00:00.000" 1800.0 39365.49424574848 -102834.57549187711 60121.855621351235 downlink 77.81997618642761 11.383162272481455 60.521811001499145 "" ""
"2030-01-02 06:30:00.000" 309.97294428455433 22130.533067676795 -108691.84957131007 59147.06061222608 slew "" "" "" "" ""
"2030-01-02 06:35:09.973" 900.0 19068.949755335558 -109417.31880823917 58975.246701258715 observe 352.86731513854545 -23.36326698508835 74.81870788558174 1798 274
"2030-01-02 06:50:09.973" 105.34823870301125 10066.309162803056 -111039.13075652855 58469.9014327781 slew "" "" "" "" ""
"2030-01-02 06:51:55.321" 900.0 9003.32920015977 -111181.411424187 58410.121720519215 observe 349.64274564026886 -22.831436087854364 75.42415333170709 1816 274
"2030-01-02 07:06:55.321" 105.34767216985992 -133.2923614472761 -111986.43719537638 57894.10596313722 slew "" "" "" "" ""
"2030-01-02 07:08:40.669" 900.0 -1207.6729766287444 -112032.40220135334 57833.08621687759 observe 346.4556495640855 -22.273258529177834 75.91166569421797 1835 274
"2030-01-02 07:23:40.669" 106.89658965269338 -10404.905094600039 -112010.6082956902 57306.549152313724 slew "" "" "" "" ""
"2030-01-02 07:25:27.565" 900.0 -11497.890220916566 -111958.63802469363 57243.390651829104 observe 344.0315335326475 -24.469519076553986 77.9267361324349 1856 274
"2030-01-02 07:40:27.565" 105.49597743530776 -20681.62184284975 -111105.25876119288 56706.46950731922 slew "" "" "" "" ""
"2030-01-02 07:42:13.061" 900.0 -21754.34986659693 -110956.62058588592 56642.93132642415 observe 347.27788572924965 -25.06001290767192 77.34268274474498 1836 274
"2030-01-02 07:57:13.061" 105.495381415617 -30850.41253745679 -109275.91671476602 56095.797482163805 slew "" "" "" "" ""
"2030-01-02 07:58:58.557" 900.0 -31908.528005135162 -109030.7485420602 56031.0718907126 observe 350.5662503920789 -25.622074309434574 76.63615550078354 1817 274
"2030-01-02 08:13:58.557" 105.50512451526905 -40843.28892050381 -106532.39177548679 55473.885663126035 slew "" "" "" "" ""
"2030-01-02 08:15:44.062" 900.0 -41878.31504100193 -106192.17710126718 55407.98519771974 observe 353.8954494215742 -26.151520634010613 75.81253231036011 1799 274
"2030-01-02 08:30:44.062" 106.07051713430505 -50579.22000981588 -102892.32827038491 54840.91006762593 slew "" "" "" "" ""
"2030-01-02 08:32:30.132" 900.0 -51588.00716857939 -102457.01516594573 54773.50042192131 observe 351.54197207314013 -28.388938415454064 77.76033718044839 1818 274
"2030-01-02 08:47:30.132" 105.62469573281572 -59983.96353037257 -98377.7901799241 54196.697596003585 slew "" "" "" "" ""
"2030-01-02 08:49:15.757" 900.0 -60948.64995417549 -97854.43409508454 54128.439780453045 observe 348.14245779023946 -27.825826609513786 78.69775231695323 1837 274
"2030-01-02 09:04:15.757" 105.61275671786129 -68971.06866389728 -93024.94833295979 53542.08310137132 slew "" "" "" "" ""
"2030-01-02 09:06:01.370" 900.0 -69887.8867070319 -92415.5412104548 53472.72193848074 observe 344.78901059340495 -27.227679092394457 79.51398257911022 1857 274
"2030-01-02 09:21:01.370" 105.61136242098121 -77470.81349352915 -86870.55928408592 52876.983618852704 slew "" "" "" "" ""
