initial-survey.ecsv
# %ECSV 1.0
# ---
# datatype:
# - {name: start_time, datatype: string}
# - {name: duration, unit: s, datatype: float64}
# - {name: observer_location.x, unit: km, datatype: float64}
# - {name: observer_location.y, unit: km, datatype: float64}
# - {name: observer_location.z, unit: km, datatype: float64}
# - {name: action, datatype: string}
# - {name: target_coord.ra, unit: deg, datatype: float64}
# - {name: target_coord.dec, unit: deg, datatype: float64}
# - {name: roll, unit: deg, datatype: float64}
# - {name: field_id, datatype: int64}
# - {name: block_id, datatype: int64}
# meta: !!omap
# - __serialized_columns__:
#     duration:
#       __class__: astropy.units.quantity.Quantity
#       unit: !astropy.units.Unit {unit: s}
#       value: !astropy.table.SerializedColumn {name: duration}
#     observer_location:
#       __class__: astropy.coordinates.earth.EarthLocation
#       ellipsoid: WGS84
#       x: !astropy.table.SerializedColumn
#         __class__: astropy.units.quantity.Quantity
#         unit: &id001 !astropy.units.Unit {unit: km}
#         value: !astropy.table.SerializedColumn
#           __class__: astropy.utils.masked.core.MaskedNDArray
#           data: !astropy.table.SerializedColumn {name: observer_location.x}
#       y: !astropy.table.SerializedColumn
#         __class__: astropy.units.quantity.Quantity
#         unit: *id001
#         value: !astropy.table.SerializedColumn
#           __class__: astropy.utils.masked.core.MaskedNDArray
#           data: !astropy.table.SerializedColumn {name: observer_location.y}
#       z: !astropy.table.SerializedColumn
#         __class__: astropy.units.quantity.Quantity
#         unit: *id001
#         value: !astropy.table.SerializedColumn
#           __class__: astropy.utils.masked.core.MaskedNDArray
#           data: !astropy.table.SerializedColumn {name: observer_location.z}
#     roll:
#       __class__: astropy.units.quantity.Quantity
#       unit: &id002 !astropy.units.Unit {unit: deg}
#       value: !astropy.table.SerializedColumn
#         __class__: astropy.utils.masked.core.MaskedNDArray
#         data: !astropy.table.SerializedColumn {name: roll}
#     start_time:
#       __class__: astropy.time.core.Time
#       format: iso
#       in_subfmt: '*'
#       out_subfmt: '*'
#       precision: 3
#       scale: utc
#       value: !astropy.table.SerializedColumn {name: start_time}
#     target_coord:
#       __class__: astropy.coordinates.sky_coordinate.SkyCoord
#       dec: !astropy.table.SerializedColumn
#         __class__: astropy.coordinates.angles.core.Latitude
#         unit: *id002
#         value: !astropy.table.SerializedColumn
#           __class__: astropy.utils.masked.core.MaskedNDArray
#           data: !astropy.table.SerializedColumn {name: target_coord.dec}
#       frame: icrs
#       ra: !astropy.table.SerializedColumn
#         __class__: astropy.coordinates.angles.core.Longitude
#         unit: *id002
#         value: !astropy.table.SerializedColumn
#           __class__: astropy.utils.masked.core.MaskedNDArray
#           data: !astropy.table.SerializedColumn {name: target_coord.ra}
#         wrap_angle: !astropy.coordinates.Angle
#           unit: *id002
#           value: 360.0
#       representation_type: unitspherical
# schema: astropy-2.0
start_time duration observer_location.x observer_location.y observer_location.z action target_coord.ra target_coord.dec roll field_id block_id
[from data line 7691]
"2030-03-21 19:40:58.821" 104.51326328964147 85149.83668133336 53871.70307477304 58549.78239062434 slew "" "" "" "" ""
"2030-03-21 19:42:43.335" 900.0 85666.48492714828 53011.543815195364 58535.10844759097 observe 131.12195440120996 -64.53548408535211 52.48260225024269 2292 193
"2030-03-21 19:57:43.335" 106.33335257037069 89762.89572374565 45411.084762817896 58402.13769566298 slew "" "" "" "" ""
"2030-03-21 19:59:29.668" 900.0 90204.39838786561 44491.647047083956 58385.64440852678 observe 131.04030809698904 -67.6819579655906 51.87301380444586 2307 193
"2030-03-21 20:14:29.668" 106.13173460321202 93571.85861214451 36549.131259877344 58239.40731894063 slew "" "" "" "" ""
"2030-03-21 20:16:15.800" 900.0 93924.8013459903 35595.086879883886 58221.37904195747 observe 131.08788379026115 -70.81804624715126 51.232745980186365 2324 193
"2030-03-21 20:31:15.800" 104.97521095917318 96535.39505841512 27378.932769099094 58061.84702502782 slew "" "" "" "" ""
"2030-03-21 20:33:00.775" 900.0 96794.87791448247 26407.463208574012 58042.46389955015 observe 139.3091202570485 -72.2370030427799 42.77938962194853 2343 193
"2030-03-21 20:48:00.775" 106.23862857833282 98627.77684713117 17988.484023352954 57869.62944228431 slew "" "" "" "" ""
"2030-03-21 20:49:47.014" 900.0 98797.50316317781 16985.603118376664 57848.44078499548 observe 137.95663345266007 -69.12658149293085 44.69761125294474 2325 193
"2030-03-21 21:04:47.014" 106.45389256324073 99836.50765896146 8435.830014552346 57662.27289255506 slew "" "" "" "" ""
"2030-03-21 21:06:33.468" 900.0 99912.03114139932 7419.773639147241 57639.463532458765 observe 137.07272508554348 -65.99116849425853 46.24552150962826 2308 193
"2030-03-21 21:21:33.468" 106.68299825980313 100148.3773266995 -1187.3667076692634 57439.95375793664 slew "" "" "" "" ""
"2030-03-21 21:23:20.151" 900.0 100128.67087361234 -2208.0299544499867 57415.51365082987 observe 136.50011036688448 -62.83725283927151 47.5856566153988 2293 193
"2030-03-21 21:38:20.151" 104.58349490682437 99560.30335115214 -10798.569672239275 57202.66216721368 slew "" "" "" "" ""
"2030-03-21 21:40:04.734" 900.0 99447.7304037232 -11792.928701692024 57177.15483370143 observe 131.29324408622276 -61.38037215141619 53.105971973019265 2278 193
"2030-03-21 21:55:04.734" 104.25160231094311 98081.18209319543 -20293.263201225072 56951.001528312125 slew "" "" "" "" ""
"2030-03-21 21:56:48.986" 900.0 97877.07012993499 -21269.7836113795 56924.03562822354 observe 136.14608589208711 -59.668957715127696 48.81643588253005 2279 193
"2030-03-21 22:11:48.986" 104.43278490504002 95724.123145411 -29607.143945683816 56684.60584534101 slew "" "" "" "" ""
"2030-03-21 22:13:33.418" 900.0 95429.32771472464 -30562.272385282253 56656.053956313255 observe 131.53107061049033 -58.21798186800453 53.77161743505186 2265 193
"2030-03-21 22:28:33.418" 104.47406288080255 92507.93634662552 -38665.15203032298 56403.37519437121 slew "" "" "" "" ""
"2030-03-21 22:30:17.892" 900.0 92125.12721838507 -39589.360142706595 56373.27610751513 observe 126.600149302717 -59.751217639785054 58.05220681920537 2264 193
"2030-03-21 22:45:17.892" 104.11226007791393 88459.79113780084 -47388.18298493672 56107.38668205067 slew "" "" "" "" ""
"2030-03-21 22:47:02.005" 900.0 87993.93050483272 -48270.09472442628 56075.866494145645 observe 122.38431467361426 -57.98040017688087 62.4601466218676 2251 193
"2030-03-21 23:02:02.005" 103.87830652555462 83615.66661142935 -55697.93671819149 55796.81895575307 slew "" "" "" "" ""
"2030-03-21 23:03:45.883" 900.0 83070.58830593318 -56531.30153146614 55763.85417016044 observe 118.59919905787415 -56.09441199638167 66.37587242295452 2238 193
"2030-03-21 23:18:45.883" 104.8748672119033 78016.27150119297 -63524.30177676636 55471.70827016275 slew "" "" "" "" ""
"2030-03-21 23:20:30.758" 900.0 77389.51619889683 -64311.37427635739 55436.903816966915 observe 123.49800503963783 -54.89953860074792 62.29902602505974 2239 193
"2030-03-21 23:35:30.758" 103.68310226423814 71700.91962536357 -70808.65308147224 55131.712196836525 slew "" "" "" "" ""
"2030-03-21 23:37:14.441" 900.0 71010.91532556574 -71526.38372393687 55095.80535575107 observe 120.01329415556889 -53.07527206680689 65.93717649044478 5135 193
"2030-03-21 23:52:14.441" 104.8740747773902 64736.51119343043 -77472.2421485403 54777.6578419082 slew "" "" "" "" ""
"2030-03-21 23:53:59.315" 900.0 63973.261194971456 -78130.81976515127 54739.832630030156 observe 124.53205243798807 -51.83269838033665 62.32424094319788 5119 193
"2030-03-22 00:08:59.315" 343.67640861891846 57165.07733763284 -83472.8085233015 54408.797001922394 slew "" "" "" "" ""
"2030-03-22 00:00:00.000" 1800.0 61299.39862729902 -80339.0943933864 54608.54801364035 downlink 73.82909307638128 32.7821838486571 80.89237355670124 "" ""
"2030-03-22 00:30:00.000" 380.230415885663 46917.01179558639 -89971.43505302329 53925.834501805366 slew "" "" "" "" ""
"2030-03-22 00:36:20.230" 900.0 43680.94684042841 -91693.88296008682 53775.78731504057 observe 231.64298625363392 15.328438847395628 -102.614499168968 3568 57
"2030-03-22 00:51:20.230" 103.37966548821399 35787.59222618052 -95312.3505407959 53412.5916183674 slew "" "" "" "" ""
"2030-03-22 00:53:03.610" 900.0 34861.62501051034 -95685.84102574154 53370.15216642558 observe 229.01393433821406 14.185888625291842 -102.83811171492106 3559 57
"2030-03-22 01:08:03.610" 109.41470361494078 26653.88629697689 -98561.11200354272 52994.448158327454 slew "" "" "" "" ""
"2030-03-22 01:09:53.025" 900.0 25639.70290940307 -98864.05189352442 52948.01318585485 observe 231.58133126899116 12.306531453813927 -100.34185871426213 3502 57
"2030-03-22 01:24:53.025" 103.05485531799411 17185.33885817248 -100965.10597072206 52559.84722278713 slew "" "" "" "" ""
"2030-03-22 01:26:36.080" 900.0 16206.018461349993 -101160.79877469294 52514.696113057296 observe 234.1659161478583 13.388577390801364 -100.22673588512156 3501 57
"2030-03-22 01:41:36.080" 108.16097886595905 7577.92589501865 -102472.52449602682 52114.27530148603 slew "" "" "" "" ""
"2030-03-22 01:43:24.241" 900.0 6533.516297952146 -102581.87725729139 52065.418595439114 observe 236.57610596779605 11.393590778993484 -98.10167633780006 3479 57
"2030-03-22 01:58:24.241" 103.48284937828626 -2195.9638657553596 -103086.77530881732 51652.81731107587 slew "" "" "" "" ""
"2030-03-22 02:00:07.723" 900.0 -3202.588133870501 -103098.33256339026 51604.68459526934 observe 233.95442267141058 10.31108740089769 -98.10285042068338 3480 57
"2030-03-22 02:15:07.723" 107.93579161132152 -11959.131876980668 -102793.39487731521 51180.102809013435 slew "" "" "" "" ""
"2030-03-22 02:16:55.659" 900.0 -13007.866590139585 -102707.98265307664 51128.46782694848 observe 236.31129270998807 8.324106346113606 -96.13242287247388 3459 57
"2030-03-22 02:31:55.659" 103.84746380902078 -21717.075185779333 -101589.60282153322 50692.003516414465 slew "" "" "" "" ""
"2030-03-22 02:33:39.507" 900.0 -22716.34984745127 -101414.02209934292 50640.965008948144 observe 233.68770041254083 7.221390372921836 -95.90091862913211 3460 57
"2030-03-22 02:48:39.507" 103.86284203353804 -31304.4530012288 -99492.22256370015 50192.82367617329 slew "" "" "" "" ""
"2030-03-22 02:50:23.370" 900.0 -32285.669477931875 -99224.54929654446 50140.439350668654 observe 231.0964083139798 6.102384275295138 -95.52908251741925 3461 57
"2030-03-22 03:05:23.370" 108.00789939660235 -40679.72620414183 -96512.69803840687 49680.78424690125 slew "" "" "" "" ""
"2030-03-22 03:07:11.377" 900.0 -41672.426688167325 -96140.41145358712 49624.934815168504 observe 233.3666751748547 4.121755428363329 -93.61883798310996 3441 57
"2030-03-22 03:22:11.377" 104.21171265510026 -49799.72775926283 -92655.31407849691 49153.889015305394 slew "" "" "" "" ""
"2030-03-22 03:23:55.589" 900.0 -50722.62878396749 -92208.16241835081 49098.69618115768 observe 235.99639685305152 5.243348121671342 -94.08946745257678 3440 57
"2030-03-22 03:38:55.589" 110.1792276140732 -58514.59687342465 -87979.14667239504 48616.47841687829 slew "" "" "" "" ""
"2030-03-22 03:40:45.768" 900.0 -59445.00141906458 -87416.93517540763 48556.76434648988 observe 235.63144479021076 2.1535476293221394 -91.97131843229661 3422 57
"2030-03-22 03:55:45.768" 104.51179582281588 -66832.23670954532 -82472.44386808093 48063.49084992068 slew "" "" "" "" ""
"2030-03-22 03:57:30.280" 900.0 -67664.1348001919 -81858.4433439169 48005.57891620709 observe 238.29881536600135 3.278873454410798 -92.52867806038826 3421 57
"2030-03-22 04:12:30.280" 106.5810056435144 -74585.06648671057 -76241.12940918264 47501.498514612395 slew "" "" "" "" ""
"2030-03-22 04:14:16.861" 900.0 -75374.525784456 -75537.7305365124 47441.17013727501 observe 240.5990869698697 1.3313564602124304 -91.20392966176843 3402 57
"2030-03-22 04:29:16.861" 108.6256485392845 -81768.06004434508 -69290.5037336096 46926.45225912351 slew "" "" "" "" ""
"2030-03-22 04:31:05.487" 900.0 -82505.47530436188 -68500.41015471455 46863.693143267235 observe 240.99446691429577 4.387838204985957 -92.93967652755471 3420 57
"2030-03-22 04:46:05.487" 106.85372741814419 -88314.39667791437 -61671.77165474346 46338.513157776666 slew "" "" "" "" ""
"2030-03-22 04:47:52.341" 900.0 -88967.29139865134 -60828.753875078466 46275.54859909467 observe 238.65651416115531 6.348582059999948 -94.41603112068447 3439 57
"2030-03-22 05:02:52.341" 108.94641680317797 -94141.26434862861 -53474.32016374084 45740.12569065621 slew "" "" "" "" ""
"2030-03-22 05:04:41.287" 900.0 -94727.1002233856 -52554.57546876053 45674.699114423434 observe 238.96862138116853 9.407893861798714 -96.23335515772936 3458 57
"2030-03-22 05:19:41.287" 108.63652146661641 -99218.45465826704 -44732.43503608701 45129.21705139496 slew "" "" "" "" ""
"2030-03-22 05:21:29.924" 900.0 -99717.66464413753 -43762.60340770045 45062.77508382959 observe 239.2350312024505 12.454702572610744 -97.98268387679929 3478 57
"2030-03-22 05:36:29.924" 107.78499172088195 -103485.74348892928 -35536.099887396944 44507.44557983328 slew "" "" "" "" ""
"2030-03-22 05:38:17.709" 900.0 -103892.24870172213 -34529.391417724146 44440.358174185116 observe 236.7898569996821 14.449648658114493 -99.99994790010513 3500 57
"2030-03-22 05:53:17.709" 103.19147074187157 -106902.69239803248 -25965.443327162746 43875.40095873438 slew "" "" "" "" ""
"2030-03-22 05:55:00.900" 900.0 -107203.44474718081 -24966.952449168082 43810.0834449781 observe 239.45476805800664 15.487012879801187 -99.66708757411472 3499 57
"2030-03-22 06:10:00.900" 380.09797132974086 -109431.05847828125 -16136.092666887937 43235.7549952378 slew "" "" "" "" ""
"2030-03-22 06:00:00.000" 1800.0 -108022.78538726986 -22055.58004675795 43620.13812023944 downlink 53.04534591444473 17.896604795029074 77.01971713092153 "" ""
"2030-03-22 06:30:00.000" 340.4054118396733 -111275.58477880138 -4102.463824188246 42457.80885849785 slew "" "" "" "" ""
"2030-03-22 06:35:40.405" 900.0 -111561.44626353258 -647.6403140204302 42234.35878309881 observe 146.63971815641017 -62.021067731416125 37.97514139963979 2310 169
"2030-03-22 06:50:40.405" 107.20543816566675 -111805.21149575939 8531.9376237731 41638.14067290727 slew "" "" "" "" ""
"2030-03-22 06:52:27.611" 900.0 -111784.54130416446 9627.775768407222 41566.600837956525 observe 148.4857201870968 -65.09624493593894 35.30056181579944 2327 169
"2030-03-22 07:07:27.611" 105.2796289117251 -111192.7418531945 18823.763791567886 40961.72112097411 slew "" "" "" "" ""
"2030-03-22 07:09:12.890" 900.0 -111074.68599367156 19897.43584917912 40890.46709005297 observe 155.1837707896704 -65.82797451096764 28.11343419353326 2346 169
"2030-03-22 07:24:12.890" 103.21665490935143 -109649.19635519703 29034.660065906133 40277.16344569553 slew "" "" "" "" ""
"2030-03-22 07:25:56.107" 900.0 -109438.2188941018 30076.270345554167 40206.35322159385 observe 158.6441872519959 -63.4523169825191 24.87077113651129 2347 169
"2030-03-22 07:40:56.107" 107.39389236932206 -107187.7153108702 39080.28210382261 39584.86406309041 slew "" "" "" "" ""
"2030-03-22 07:42:43.501" 900.0 -106870.23793067233 40143.68460956747 39510.22258830799 observe 162.21558038059942 -66.25370870254177 20.537350691898386 2365 169
"2030-03-22 07:57:43.501" 117.04983980215994 -103804.95809272355 48939.84076742791 38880.73670720997 slew "" "" "" "" ""
"2030-03-22 07:59:40.551" 900.0 -103353.659790822 50066.87802320515 38798.35378494206 observe 150.96118179927015 -68.11298019895625 32.10623864258129 2345 169
"2030-03-22 08:14:40.551" 105.13436188349817 -99486.39148648403 58579.36460197331 38161.02139052691 slew "" "" "" "" ""
"2030-03-22 08:16:25.685" 900.0 -98989.35414517074 59554.52490090933 38086.12684120705 observe 143.7005388163275 -67.19890175129798 39.76900423796008 2326 169
"2030-03-22 08:31:25.685" 106.5764252929028 -94356.2830058713 67715.84658642 37441.26381430057 slew "" "" "" "" ""
"2030-03-22 08:33:12.262" 900.0 -93763.51164463238 68658.69469363049 37364.46277097414 observe 145.75807248343204 -70.26804226159872 37.066501985580814 2344 169
"2030-03-22 08:48:12.262" 106.34682826359347 -88396.44769192247 76400.4069594971 36712.2811424015 slew "" "" "" "" ""
"2030-03-22 08:49:58.608" 900.0 -87720.42040937701 77287.75341064137 36634.79401297832 observe 148.7163517227072 -73.27619201546571 33.561184952812326 2362 169
"2030-03-22 09:04:58.608" 103.46816087423935 -81658.39299501712 84545.12996954189 35975.51782457163 slew "" "" "" "" ""
"2030-03-22 09:06:42.077" 900.0 -80923.33395062457 85349.27926146674 35899.32642668638 observe 141.41635468054056 -75.31142544826426 40.67021295045516 2361 169
"2030-03-22 09:21:42.077" 105.2351671094591 -74212.63058396358 92062.80722947793 35233.19656893038 slew "" "" "" "" ""
"2030-03-22 09:23:27.312" 900.0 -73391.9079919564 92813.64136020768 35154.914762251516 observe 153.12045162581921 -76.18922061362518 28.70276277147348 2381 169
"2030-03-22 09:38:27.312" 103.13146692878726 -66081.00585555116 98925.51304937086 34482.13898782552 slew "" "" "" "" ""
"2030-03-22 09:40:10.443" 900.0 -65211.01863575127 99589.38728585359 34404.67384012597 observe 159.0635484515426 -73.85769863624124 22.870811412080926 2382 169
"2030-03-22 09:55:10.443" 105.43626020564182 -57355.54467712386 105048.69382826862 33725.48411415469 slew "" "" "" "" ""
"2030-03-22 09:56:55.880" 900.0 -56405.615587577915 105648.0036007725 33645.54823190224 observe 169.84461024097823 -73.92838445008233 11.696440045500331 2403 169
"2030-03-22 10:11:55.880" 102.77215825314292 -48063.27471554787 110405.93024290024 32960.14690796394 slew "" "" "" "" ""
"2030-03-22 10:13:38.652" 900.0 -47085.346498988154 110907.61953492017 32881.53473981604 observe 165.839788926296 -76.47439107697967 15.669543720780512 2402 169
"2030-03-22 10:28:38.652" 105.4910349077565 -38320.20124809823 114924.1718978054 32190.153064022812 slew "" "" "" "" ""
"2030-03-22 10:30:24.143" 900.0 -37270.60583953806 115349.8857453799 32108.77179206575 observe 178.5312717552126 -76.12723180475852 2.616746179797964 2424 169
"2030-03-22 10:45:24.143" 104.56425044267083 -28147.96424210915 118586.76220198911 31411.60703687743 slew "" "" "" "" ""
"2030-03-22 10:47:08.707" 900.0 -27070.060226538415 118916.31836481822 31330.28147794761 observe 189.8246341427986 -77.51249116429511 -8.984087254830674 2471 169
"2030-03-22 11:02:08.707" 106.21662899811682 -17659.699861405566 121343.90517505062 30627.550386135972 slew "" "" "" "" ""
"2030-03-22 11:03:54.924" 900.0 -16534.985910411502 121581.5361707132 30544.294609065357 observe 175.76032017841945 -78.7693565995352 5.412366060257125 2423 169
"2030-03-22 11:18:54.924" 105.44298759634245 -6908.489018024695 123174.32385206745 29836.197617243688 slew "" "" "" "" ""
"2030-03-22 11:20:40.367" 900.0 -5770.957486581834 123311.29628384687 29752.932005834457 observe 159.9927013688723 -78.94025054200684 21.463887781694265 2401 169
"2030-03-22 11:35:40.367" 105.3344316803857 3997.5659962782256 124052.15911340852 29039.68036228937 slew "" "" "" "" ""
