initial-survey.ecsv
# %ECSV 1.0
# ---
# datatype:
# - {name: start_time, datatype: string}
# - {name: duration, unit: s, datatype: float64}
# - {name: observer_location.x, unit: km, datatype: float64}
# - {name: observer_location.y, unit: km, datatype: float64}
# - {name: observer_location.z, unit: km, datatype: float64}
# - {name: action, datatype: string}
# - {name: target_coord.ra, unit: deg, datatype: float64}
# - {name: target_coord.dec, unit: deg, datatype: float64}
# - {name: roll, unit: deg, datatype: float64}
# - {name: field_id, datatype: int64}
# - {name: block_id, datatype: int64}
# meta: !!omap
# - __serialized_columns__:
#     duration:
#       __class__: astropy.units.quantity.Quantity
#       unit: !astropy.units.Unit {unit: s}
#       value: !astropy.table.SerializedColumn {name: duration}
#     observer_location:
#       __class__: astropy.coordinates.earth.EarthLocation
#       ellipsoid: WGS84
#       x: !astropy.table.SerializedColumn
#         __class__: astropy.units.quantity.Quantity
#         unit: &id001 !astropy.units.Unit {unit: km}
#         value: !astropy.table.SerializedColumn
#           __class__: astropy.utils.masked.core.MaskedNDArray
#           data: !astropy.table.SerializedColumn {name: observer_location.x}
#       y: !astropy.table.SerializedColumn
#         __class__: astropy.units.quantity.Quantity
#         unit: *id001
#         value: !astropy.table.SerializedColumn
#           __class__: astropy.utils.masked.core.MaskedNDArray
#           data: !astropy.table.SerializedColumn {name: observer_location.y}
#       z: !astropy.table.SerializedColumn
#         __class__: astropy.units.quantity.Quantity
#         unit: *id001
#         value: !astropy.table.SerializedColumn
#           __class__: astropy.utils.masked.core.MaskedNDArray
#           data: !astropy.table.SerializedColumn {name: observer_location.z}
#     roll:
#       __class__: astropy.units.quantity.Quantity
#       unit: &id002 !astropy.units.Unit {unit: deg}
#       value: !astropy.table.SerializedColumn
#         __class__: astropy.utils.masked.core.MaskedNDArray
#         data: !astropy.table.SerializedColumn {name: roll}
#     start_time:
#       __class__: astropy.time.core.Time
#       format: iso
#       in_subfmt: '*'
#       out_subfmt: '*'
#       precision: 3
#       scale: utc
#       value: !astropy.table.SerializedColumn {name: start_time}
#     target_coord:
#       __class__: astropy.coordinates.sky_coordinate.SkyCoord
#       dec: !astropy.table.SerializedColumn
#         __class__: astropy.coordinates.angles.core.Latitude
#         unit: *id002
#         value: !astropy.table.SerializedColumn
#           __class__: astropy.utils.masked.core.MaskedNDArray
#           data: !astropy.table.SerializedColumn {name: target_coord.dec}
#       frame: icrs
#       ra: !astropy.table.SerializedColumn
#         __class__: astropy.coordinates.angles.core.Longitude
#         unit: *id002
#         value: !astropy.table.SerializedColumn
#           __class__: astropy.utils.masked.core.MaskedNDArray
#           data: !astropy.table.SerializedColumn {name: target_coord.ra}
#         wrap_angle: !astropy.coordinates.Angle
#           unit: *id002
#           value: 360.0
#       representation_type: unitspherical
# schema: astropy-2.0
start_time duration observer_location.x observer_location.y observer_location.z action target_coord.ra target_coord.dec roll field_id block_id
[from data line 4526]
"2030-02-02 10:30:22.705" 900.0 208262.68462387138 193379.46276847224 -181409.68747622785 observe 167.92592166735238 -17.187446991545954 -44.90394430413593 4662 24
"2030-02-02 10:45:22.705" 107.4484621160925 221075.57900990214 178850.75134298753 -181500.71695671926 slew "" "" "" "" ""
"2030-02-02 10:47:10.154" 900.0 222538.69929039595 177058.23534175352 -181511.48263146964 observe 164.9155981053707 -16.6439701223994 -42.3500564171299 4651 24
"2030-02-02 11:02:10.154" 108.17874192767957 234213.36783398502 161585.59888684534 -181600.80274578027 slew "" "" "" "" ""
"2030-02-02 11:03:58.332" 900.0 235545.27004826363 159672.65884590664 -181611.43617978782 observe 161.93677873386972 -16.087904822170795 -39.60113535958885 4641 24
"2030-02-02 11:18:58.332" 106.05399107263587 246011.46318073457 143344.62859259167 -181699.0478072197 slew "" "" "" "" ""
"2030-02-02 11:20:44.386" 900.0 247171.14556240276 141374.02604926066 -181709.27140050376 observe 162.60997634402926 -18.898205448809755 -38.457408462562796 4650 24
"2030-02-02 11:35:44.386" 108.76692116141794 256369.1390315641 124286.44022308335 -181795.1802369235 slew "" "" "" "" ""
"2030-02-02 11:37:33.153" 900.0 257401.54691825606 122179.39544332534 -181805.45941911664 observe 159.58491093460373 -18.315342563809214 -35.45045323992716 4640 24
"2030-02-02 11:52:33.153" 105.229881079244 265272.8178915514 104429.06337976796 -181889.66295779467 slew "" "" "" "" ""
"2030-02-02 11:54:18.383" 900.0 266113.89058841264 102319.11480880441 -181899.4089502483 observe 160.1965783677577 -21.093270924080034 -34.48701997145672 4649 24
"2030-02-02 12:09:18.383" 324.8724079244453 272615.8488726835 84010.77983599973 -181981.91523188463 slew "" "" "" "" ""
"2030-02-03 00:00:00.000" 1800.0 -285414.79562839394 -62390.035900743576 -184179.38422109882 downlink 17.377909903057862 -64.14299443475542 109.11489036132298 "" ""
"2030-02-03 00:30:00.000" 409.374746224677 -291497.8493986729 -23128.5246044632 -184199.69620445167 slew "" "" "" "" ""
"2030-02-03 00:36:49.375" 900.0 -292132.40165062883 -14103.820532220116 -184203.51110924396 observe 209.89360520492835 34.38358850242931 -84.75000379455076 3612 19
"2030-02-03 00:51:49.375" 104.90048785777734 -292544.06288436253 5784.35903429967 -184210.85096230495 slew "" "" "" "" ""
"2030-02-03 00:53:34.275" 900.0 -292503.95856684895 8103.566610047995 -184211.61285119783 observe 206.4140730741187 35.32487622935982 -87.06672460659294 3613 19
"2030-02-03 01:08:34.275" 104.78401367126449 -291404.3528321053 27974.64517433186 -184217.3469393078 slew "" "" "" "" ""
"2030-02-03 01:10:19.059" 900.0 -291188.48377776693 30282.60027841929 -184217.92114938112 observe 202.86731059550746 36.1193240722149 -89.49762028053337 3614 19
"2030-02-03 01:25:19.059" 104.66155119185328 -288582.81723496504 50021.831423790856 -184222.05154774716 slew "" "" "" "" ""
"2030-02-03 01:27:03.721" 900.0 -288192.7096313644 52305.107201691106 -184222.4387134089 observe 199.26705716058729 36.761402833824626 -92.02683987684661 3615 19
"2030-02-03 01:42:03.721" 106.60544379259812 -284094.9005839165 71798.45604969509 -184224.96749463084 slew "" "" "" "" ""
"2030-02-03 01:43:50.326" 900.0 -283521.7980148697 74088.26662821682 -184225.17206618778 observe 198.5137317985048 39.48491371957631 -94.17942408563783 3629 19
"2030-02-03 01:58:50.326" 104.47704858497507 -277951.3944369375 93222.2168858384 -184226.09800140857 slew "" "" "" "" ""
"2030-02-03 02:00:34.803" 900.0 -277220.6082578197 95418.1536735857 -184226.11272591545 observe 202.22592822137852 38.89573163924225 -91.40741110222572 3628 19
"2030-02-03 02:15:34.803" 104.59296731819282 -270211.62746692024 114082.65934535227 -184225.44105694073 slew "" "" "" "" ""
"2030-02-03 02:17:19.396" 900.0 -269314.9647928299 116220.1391816444 -184225.27022944822 observe 205.88359793265568 38.14893148271851 -88.73910633872796 3627 19
"2030-02-03 02:32:19.396" 104.70577243165258 -260906.45483186838 134307.0637429952 -184223.002608907 slew "" "" "" "" ""
"2030-02-03 02:34:04.102" 900.0 -259848.60165853845 136373.48495180096 -184222.64602044027 observe 209.47074738151036 37.24984813017655 -86.19162630709671 3626 19
"2030-02-03 02:49:04.102" 105.84744598566175 -250087.74194190998 153777.90813305776 -184218.7840916715 slew "" "" "" "" ""
"2030-02-03 02:50:49.949" 900.0 -248862.32227835522 155780.5239988415 -184218.23611140385 observe 209.02229089728584 40.12901639396467 -87.70879995958593 3641 19
"2030-02-03 03:05:49.949" 104.49576807614078 -237802.8592146843 172400.49853740912 -184212.77987283876 slew "" "" "" "" ""
"2030-02-03 03:07:34.445" 900.0 -236445.92282088866 174280.82548419174 -184212.05400945403 observe 205.31224818383922 40.98469213912488 -90.50102337802143 3642 19
"2030-02-03 03:22:34.445" 104.3890246201873 -224152.34243893524 190020.82993007067 -184205.00739463823 slew "" "" "" "" ""
"2030-02-03 03:24:18.834" 900.0 -222657.58111521136 191791.77296244723 -184204.09792140106 observe 201.52810716661014 41.68235021326015 -93.42108702109621 3643 19
"2030-02-03 03:39:18.834" 107.21394177756429 -209199.87702226237 206560.4119918395 -184195.4628718704 slew "" "" "" "" ""
"2030-02-03 03:41:06.048" 900.0 -207530.24605355397 208258.15799168093 -184194.33940120158 observe 204.6916155655087 43.830756979346 -92.35568874504118 3658 19
"2030-02-03 03:56:06.048" 104.2700813686111 -192982.10373780943 221966.39408655584 -184184.11321150776 slew "" "" "" "" ""
"2030-02-03 03:57:50.318" 900.0 -191236.8755293222 223490.09356610966 -184182.83661690663 observe 208.54253017193253 43.01984255927514 -89.30250957761014 3657 19
"2030-02-03 04:12:50.318" 104.3698247420963 -175684.55830959266 236061.02729103612 -184171.0256761583 slew "" "" "" "" ""
"2030-02-03 04:14:34.688" 900.0 -173826.251830953 237449.910686137 -184169.5641731963 observe 212.29698674592848 42.05116752702582 -86.40264179762512 3656 19
"2030-02-03 04:29:34.688" 105.96574028907241 -157358.48913538168 248810.0431713085 -184156.1700414383 slew "" "" "" "" ""
"2030-02-03 04:31:20.654" 900.0 -155369.3562360049 250073.43977324103 -184154.49973863282 observe 211.93355941095376 44.99199711059365 -87.8048252358254 3674 19
"2030-02-03 04:46:20.654" 104.21553874944877 -138079.10196713367 260154.23325681128 -184139.52160248556 slew "" "" "" "" ""
"2030-02-03 04:48:04.869" 900.0 -136033.32186578363 261245.18457371707 -184137.69572491053 observe 215.72099054689156 43.90641584052225 -84.81556362727575 3673 19
"2030-02-03 05:03:04.869" 105.7586475510077 -118021.05643115644 269989.69899269816 -184121.13801969672 slew "" "" "" "" ""
"2030-02-03 05:04:50.628" 900.0 -115866.07609804248 270936.4848171205 -184119.0994473255 observe 215.94036542744482 40.93233891095846 -83.67084581507574 3655 19
"2030-02-03 05:19:50.628" 105.598081809656 -97234.1326055742 278291.1045551675 -184100.96140754348 slew "" "" "" "" ""
"2030-02-03 05:21:36.226" 900.0 -95015.94686626527 279070.6794892377 -184098.74061916236 observe 216.1608058194063 37.97022756649556 -82.5695173641568 3639 19
"2030-02-03 05:36:36.226" 104.70220157429704 -75871.5786384184 284992.0320938188 -184079.02413927214 slew "" "" "" "" ""
"2030-02-03 05:38:20.928" 900.0 -73618.97837673641 285596.1199980254 -184076.63873911148 observe 212.6425938995312 39.1217214799021 -85.06056505323268 3640 19
"2030-02-03 05:53:20.928" 105.61266845755453 -54072.68096407537 290050.1919025878 -184055.34684454906 slew "" "" "" "" ""
"2030-02-03 05:55:06.541" 900.0 -51759.867774341 290485.53935237386 -184052.75584110458 observe 212.97406090791938 36.204897156648485 -83.77963131928921 3625 19
"2030-02-03 06:10:06.541" 412.25221859402546 -31923.820482441886 293444.1373123544 -184029.8887041261 slew "" "" "" "" ""
"2030-02-03 06:00:00.000" 1800.0 -45315.495240653894 291598.25160469435 -184045.4544854195 downlink 4.793401846953329 -70.58362616376984 125.27249424464244 "" ""
"2030-02-03 06:30:00.000" 322.65542148013077 -5384.948535137454 295277.4043780342 -183997.39337503735 slew "" "" "" "" ""
"2030-02-03 06:35:22.655" 900.0 1810.9530421247857 295361.56500491226 -183988.18323235292 observe 96.63561545860001 6.283622362348145 71.69167944620683 775 82
"2030-02-03 06:50:22.655" 105.79973802624407 21873.77553545876 294669.1992909013 -183961.53778934502 slew "" "" "" "" ""
"2030-02-03 06:52:08.455" 900.0 24228.385939585496 294498.2119046679 -183958.3131537913 observe 99.57676513066329 7.431706877153975 72.27788616540498 754 82
"2030-02-03 07:07:08.455" 105.80620659397701 44188.63440139357 292283.80948290805 -183930.09746647807 slew "" "" "" "" ""
"2030-02-03 07:08:54.261" 900.0 46524.53139359423 291934.3977143086 -183926.6881205244 observe 102.50679938787448 8.600296301667745 73.0361567996131 734 82
"2030-02-03 07:23:54.261" 114.04749166561899 66266.81482094123 288209.5858758838 -183896.9036884268 slew "" "" "" "" ""
"2030-02-03 07:25:48.309" 900.0 68749.59494878302 287641.90363614284 -183893.02927792154 observe 100.08675600309445 10.300808191079375 75.8962391159917 753 82
"2030-02-03 07:40:48.309" 106.33161895973402 88156.51344697378 282414.9601594942 -183861.6647547203 slew "" "" "" "" ""
"2030-02-03 07:42:34.640" 900.0 90425.11463611462 281710.4581594642 -183857.86658341135 observe 103.03506400725162 11.506732695974625 77.18398086097584 733 82
"2030-02-03 07:57:34.640" 113.42087393547715 109386.31437416266 275022.0103555085 -183824.9354681953 slew "" "" "" "" ""
"2030-02-03 07:59:28.061" 900.0 111742.7618573853 274087.9245949984 -183820.68603843692 observe 100.61630012878632 13.179090713460614 79.8206987754398 752 82
"2030-02-03 08:14:28.061" 106.73974845886514 130143.97800236613 265965.6810703356 -183786.17876119263 slew "" "" "" "" ""
"2030-02-03 08:16:14.801" 900.0 132288.97689100573 264919.71840443026 -183781.9934163529 observe 97.64099428670137 11.949833327248639 78.28211399262163 773 82
"2030-02-03 08:31:14.801" 110.47159883555825 150026.65026432218 255419.21308181982 -183745.9218054434 slew "" "" "" "" ""
"2030-02-03 08:33:05.273" 900.0 152158.61295973425 254170.36301887198 -183741.3978474883 observe 95.1666350902267 13.543122604854023 80.23392844992172 794 82
"2030-02-03 08:48:05.273" 107.06009533101079 169126.59635424527 243340.7575072366 -183703.75752565466 slew "" "" "" "" ""
"2030-02-03 08:49:52.333" 900.0 171095.33296617714 241976.17766953638 -183699.18706490178 observe 98.16753156873494 14.798828374948421 81.96573273665358 772 82
"2030-02-03 09:04:52.333" 116.34226695442807 187197.25852398787 229883.78848448876 -183659.98472697855 slew "" "" "" "" ""
"2030-02-03 09:06:48.675" 900.0 189217.98575610697 228241.26871990753 -183654.81524384735 observe 98.7144707877308 17.656645769061846 85.89139571604994 771 82
"2030-02-03 09:21:48.675" 107.89913464419253 204350.74440633692 214944.5287245706 -183614.03789025865 slew "" "" "" "" ""
"2030-02-03 09:23:36.574" 900.0 206103.6592950653 213281.8991965323 -183609.05560595324 observe 95.68592071643796 16.361917481893503 83.67053736526223 793 82
"2030-02-03 09:38:36.574" 107.2880498844908 220186.47957484878 198867.35674159168 -183566.7176904842 slew "" "" "" "" ""
"2030-02-03 09:40:23.862" 900.0 221799.31615200892 197085.74431664514 -183561.5777272849 observe 92.66102901552009 15.076452198626923 81.79202214718377 810 82
"2030-02-03 09:55:23.862" 106.61972930354256 234750.5066923846 181636.78141390384 -183517.68154241526 slew "" "" "" "" ""
"2030-02-03 09:57:10.482" 900.0 236214.66845701932 179748.9074709313 -183512.3891349268 observe 89.63731180408227 13.868119324486468 80.26350042636827 843 82
"2030-02-03 10:12:10.482" 108.75924687492662 247959.25737359186 163354.8512340419 -183466.93704370357 slew "" "" "" "" ""
"2030-02-03 10:13:59.241" 900.0 249302.53513529716 161320.36385804415 -183461.35029318638 observe 92.16414528197728 12.301485522199675 78.78455943756205 811 82
"2030-02-03 10:28:59.241" 106.03624099980969 259768.98226466298 144073.6501360075 -183414.34030693563 slew "" "" "" "" ""
"2030-02-03 10:30:45.277" 900.0 260924.47990509856 141995.5382408669 -183408.7102084738 observe 89.15899257374382 11.199512887523245 77.68684295355364 850 82
"2030-02-03 10:45:45.277" 109.57218513070194 270054.80865798413 123997.61994784095 -183360.1478331871 slew "" "" "" "" ""
"2030-02-03 10:47:34.850" 900.0 271082.4553466116 121764.83206146432 -183354.14073845334 observe 91.67558634487689 9.540534807252591 75.9700122599533 812 82
"2030-02-03 11:02:34.850" 106.29500328014294 278818.0433071703 103117.0470584535 -183304.02181079058 slew "" "" "" "" ""
"2030-02-03 11:04:21.145" 900.0 279647.63758876774 100880.70214186738 -183298.0109181902 observe 94.66139990919193 10.735753327748533 77.01367142275897 795 82
"2030-02-03 11:19:21.145" 111.0108647976227 285947.2812915694 81692.63586597324 -183246.34176784885 slew "" "" "" "" ""
"2030-02-03 11:21:12.156" 900.0 286633.6695354818 79297.06753523614 -183239.87261490006 observe 97.13135313329798 9.111008470613406 74.85538039478105 774 82
"2030-02-03 11:36:12.156" 106.05064676575523 291453.01748408214 59677.46755022833 -183186.6472498084 slew "" "" "" "" ""
"2030-02-03 11:37:58.206" 900.0 291932.8671059237 57344.86244207557 -183180.28430246408 observe 94.16735983035771 7.940972066394288 74.01835849158657 796 82
"2030-02-03 11:52:58.206" 106.02417945220353 295250.27534258 37409.127889410825 -183125.51161417615 slew "" "" "" "" ""
"2030-02-03 11:54:44.230" 900.0 295551.7222721867 35046.602117362025 -183118.96804883727 observe 91.19304969434955 6.794549350809726 73.35310085083061 813 82
"2030-02-03 12:09:44.230" 319.799508780805 297347.0725197059 14909.641309482291 -183062.64932240124 slew "" "" "" "" ""
"2030-02-03 12:00:00.000" 1800.0 296337.3833573352 27996.573008035393 -183099.3657794305 downlink 338.8756433249971 -75.66164922458039 155.4299112032078 "" ""
"2030-02-03 12:30:00.000" 282.7732984305486 297593.8318306835 -12404.743532213733 -182984.37659159736 slew "" "" "" "" ""
"2030-02-03 12:34:42.773" 900.0 297291.71178270085 -18754.533043688472 -182965.81005345169 observe 125.17736501662742 -28.510879509886255 15.386762788823614 4983 218
"2030-02-03 12:49:42.773" 105.579766268152 295428.8034970278 -38901.82132438171 -182905.81026839104 slew "" "" "" "" ""
"2030-02-03 12:51:28.353" 900.0 295120.60319628246 -41256.161117811265 -182898.6812202464 observe 125.39753604494214 -25.46629738784265 15.921865497626266 4968 218
"2030-02-03 13:06:28.353" 109.08057584543272 291733.56501817796 -61210.76056693004 -182837.14023562492 slew "" "" "" "" ""
"2030-02-03 13:08:17.434" 900.0 291231.05890647526 -63612.73761008148 -182829.5877572734 observe 122.47440046370608 -26.58944233659308 19.417797266205074 4982 218
"2030-02-03 13:23:17.434" 105.99488925266905 286333.24652230117 -83258.16225691717 -182766.50142955178 slew "" "" "" "" ""
"2030-02-03 13:25:03.429" 900.0 285668.75144423416 -85549.08792707756 -182758.98094843273 observe 122.73200003628332 -23.540340733322058 20.15628511509102 4967 218
"2030-02-03 13:40:03.429" 108.58212080986958 279292.1271642264 -104772.5150427474 -182694.3552179187 slew "" "" "" "" ""
"2030-02-03 13:41:52.011" 900.0 278434.7770885511 -107061.60366134654 -182686.465279605 observe 119.8777957263185 -24.59030724105065 23.47474635725128 4981 218
"2030-02-03 13:56:52.011" 106.21590160111757 270611.55243907653 -125750.30013140672 -182620.29740207124 slew "" "" "" "" ""
"2030-02-03 13:58:38.227" 900.0 269604.8252589382 -127920.00672551716 -182612.39768554235 observe 119.51536518222804 -27.65362863893082 22.753952035203774 4997 218
"2030-02-03 14:13:38.227" 107.17303082755606 260382.70602103742 -145966.85303972315 -182544.69248924224 slew "" "" "" "" ""
"2030-02-03 14:15:25.400" 900.0 259203.2175470884 -148073.3344344026 -182536.53850629702 observe 116.52126584851771 -28.65617254860425 25.94733024638182 5014 218
"2030-02-03 14:30:25.400" 106.38050881165987 248633.3268705551 -165372.9746156897 -182467.29573847793 slew "" "" "" "" ""
