initial-survey.ecsv
# %ECSV 1.0
# ---
# datatype:
# - {name: start_time, datatype: string}
# - {name: duration, unit: s, datatype: float64}
# - {name: observer_location.x, unit: km, datatype: float64}
# - {name: observer_location.y, unit: km, datatype: float64}
# - {name: observer_location.z, unit: km, datatype: float64}
# - {name: action, datatype: string}
# - {name: target_coord.ra, unit: deg, datatype: float64}
# - {name: target_coord.dec, unit: deg, datatype: float64}
# - {name: roll, unit: deg, datatype: float64}
# - {name: field_id, datatype: int64}
# - {name: block_id, datatype: int64}
# meta: !!omap
# - __serialized_columns__:
#     duration:
#       __class__: astropy.units.quantity.Quantity
#       unit: !astropy.units.Unit {unit: s}
#       value: !astropy.table.SerializedColumn {name: duration}
#     observer_location:
#       __class__: astropy.coordinates.earth.EarthLocation
#       ellipsoid: WGS84
#       x: !astropy.table.SerializedColumn
#         __class__: astropy.units.quantity.Quantity
#         unit: &id001 !astropy.units.Unit {unit: km}
#         value: !astropy.table.SerializedColumn
#           __class__: astropy.utils.masked.core.MaskedNDArray
#           data: !astropy.table.SerializedColumn {name: observer_location.x}
#       y: !astropy.table.SerializedColumn
#         __class__: astropy.units.quantity.Quantity
#         unit: *id001
#         value: !astropy.table.SerializedColumn
#           __class__: astropy.utils.masked.core.MaskedNDArray
#           data: !astropy.table.SerializedColumn {name: observer_location.y}
#       z: !astropy.table.SerializedColumn
#         __class__: astropy.units.quantity.Quantity
#         unit: *id001
#         value: !astropy.table.SerializedColumn
#           __class__: astropy.utils.masked.core.MaskedNDArray
#           data: !astropy.table.SerializedColumn {name: observer_location.z}
#     roll:
#       __class__: astropy.units.quantity.Quantity
#       unit: &id002 !astropy.units.Unit {unit: deg}
#       value: !astropy.table.SerializedColumn
#         __class__: astropy.utils.masked.core.MaskedNDArray
#         data: !astropy.table.SerializedColumn {name: roll}
#     start_time:
#       __class__: astropy.time.core.Time
#       format: iso
#       in_subfmt: '*'
#       out_subfmt: '*'
#       precision: 3
#       scale: utc
#       value: !astropy.table.SerializedColumn {name: start_time}
#     target_coord:
#       __class__: astropy.coordinates.sky_coordinate.SkyCoord
#       dec: !astropy.table.SerializedColumn
#         __class__: astropy.coordinates.angles.core.Latitude
#         unit: *id002
#         value: !astropy.table.SerializedColumn
#           __class__: astropy.utils.masked.core.MaskedNDArray
#           data: !astropy.table.SerializedColumn {name: target_coord.dec}
#       frame: icrs
#       ra: !astropy.table.SerializedColumn
#         __class__: astropy.coordinates.angles.core.Longitude
#         unit: *id002
#         value: !astropy.table.SerializedColumn
#           __class__: astropy.utils.masked.core.MaskedNDArray
#           data: !astropy.table.SerializedColumn {name: target_coord.ra}
#         wrap_angle: !astropy.coordinates.Angle
#           unit: *id002
#           value: 360.0
#       representation_type: unitspherical
# schema: astropy-2.0
start_time duration observer_location.x observer_location.y observer_location.z action target_coord.ra target_coord.dec roll field_id block_id
[from data line 3394]
"2030-01-22 05:20:51.762" 900.0 -89840.69620437018 286803.1807033408 -174264.44712161183 observe 55.46794756201194 51.83269838033665 94.18911794530828 1173 57
"2030-01-22 05:35:51.762" 105.7083463457449 -70190.71664994047 292277.15053163934 -174092.59258309452 slew "" "" "" "" ""
"2030-01-22 05:37:37.471" 900.0 -67859.41269881236 292832.2113006218 -174072.32019578674 observe 51.141632882709416 50.462018531387606 90.0568618631787 1187 57
"2030-01-22 05:52:37.471" 355.01146199793226 -47848.0731587217 296801.07568970445 -173898.97716491082 slew "" "" "" "" ""
"2030-01-22 06:00:00.000" 1800.0 -37919.9383366934 298252.18856673484 -173813.25626456345 downlink 351.26882469676997 -67.41169633858054 123.71846675617836 "" ""
"2030-01-22 06:30:00.000" 408.5068773082701 2794.2142036989926 300719.0850829948 -173461.26917214505 slew "" "" "" "" ""
"2030-01-22 06:36:48.507" 900.0 12056.882733623403 300507.7568834263 -173380.64579114487 observe 202.22592822137852 38.89573163924225 -81.27571655456745 3628 169
"2030-01-22 06:51:48.507" 104.2560682503705 32414.680653147767 299035.70925923047 -173202.05476818085 slew "" "" "" "" ""
"2030-01-22 06:53:32.763" 900.0 34765.37563263333 298775.9083947883 -173181.28091276187 observe 198.5137317985048 39.48491371957631 -83.7088354213189 3629 169
"2030-01-22 07:08:32.763" 104.59401386869473 54955.8994036448 295766.39720084873 -173001.20782487435 slew "" "" "" "" ""
"2030-01-22 07:10:17.357" 900.0 57288.00376069444 295327.86802110926 -172980.1944153681 observe 194.70128833029742 40.023996641664596 -86.28230961421912 4583 169
"2030-01-22 07:25:17.357" 104.91236432177655 77195.11930235743 290797.2930935353 -172798.6396581735 slew "" "" "" "" ""
"2030-01-22 07:27:02.269" 900.0 79494.56888771444 290181.4286012537 -172777.38959756662 observe 193.77791977344438 42.64296494566717 -88.23976799876141 4584 169
"2030-01-22 07:42:02.269" 104.12459804318192 99003.63890764028 284154.99633131723 -172594.3535792043 slew "" "" "" "" ""
"2030-01-22 07:43:46.394" 900.0 101233.25055631182 283372.58963575127 -172573.09182533663 observe 197.6885382977337 42.216864138624764 -85.4678548376271 3644 169
"2030-01-22 07:58:46.394" 104.02133993216378 120232.41877957543 275885.74003018107 -172388.57656685746 slew "" "" "" "" ""
"2030-01-22 08:00:30.415" 900.0 122394.51848073868 274937.6375165073 -172367.1649861182 observe 201.52810716661014 41.68235021326015 -82.79613900805516 3643 169
"2030-01-22 08:15:30.415" 105.212648844419 140774.63718127258 266033.17281889205 -172181.17148257076 slew "" "" "" "" ""
"2030-01-22 08:17:15.628" 900.0 142882.83233161492 264911.2155279244 -172159.3418197324 observe 200.7627004196988 44.47751137806303 -84.44915942508516 3659 169
"2030-01-22 08:32:15.628" 103.77320216155123 160537.32072010092 254638.3539392701 -171971.86914550117 slew "" "" "" "" ""
"2030-01-22 08:33:59.401" 900.0 162527.12635830615 253377.32382152465 -171950.16775659155 observe 196.77769405075637 44.9551995478426 -87.37820784976623 3660 169
"2030-01-22 08:48:59.401" 103.61718133263099 179355.48769472833 241796.71581617818 -171761.21884146906 slew "" "" "" "" ""
"2030-01-22 08:50:43.018" 900.0 181241.5380417637 240390.70747068085 -171739.38017953114 observe 192.76125888010526 45.26063926202484 -90.35257056937238 3661 169
"2030-01-22 09:05:43.018" 105.92013231557827 197147.1871851966 227568.71698827852 -171548.95604904962 slew "" "" "" "" ""
"2030-01-22 09:07:28.938" 900.0 198960.94261129393 225989.38865406928 -171526.45824088578 observe 188.37439906974964 45.88663095588348 -93.91729104021012 4564 169
"2030-01-22 09:22:28.938" 105.97701871343605 213850.02571717385 211996.72225260304 -171334.55629448 slew "" "" "" "" ""
"2030-01-22 09:24:14.915" 900.0 215539.87190258972 210283.30443114362 -171311.87242808455 observe 187.04373993802272 48.440631831574116 -96.54069960204463 4565 169
"2030-01-22 09:39:14.915" 105.81982216960652 229326.3254014858 195200.30411934239 -171118.49335417725 slew "" "" "" "" ""
"2030-01-22 09:41:00.735" 900.0 230879.22587219125 193366.22357635875 -171095.6695162953 observe 183.8779101535843 46.435334890491625 -97.72684739562588 4544 169
"2030-01-22 09:56:00.735" 106.9248696178337 243483.57742284672 177279.7547363942 -170900.814304807 slew "" "" "" "" ""
"2030-01-22 09:57:47.660" 900.0 244907.71398339726 175312.63479902275 -170877.57669900332 observe 185.3099571961892 43.8728738728404 -94.88790766787821 4543 169
"2030-01-22 10:12:47.660" 106.0797823913715 256255.71292053946 158314.24088101342 -170681.24447650908 slew "" "" "" "" ""
"2030-01-22 10:14:33.740" 900.0 257516.5642817824 156260.90422451939 -170658.0165572149 observe 189.58656739022118 43.30114280142272 -91.4649251809852 4563 169
"2030-01-22 10:29:33.740" 105.82767528325891 267543.6004101294 138449.20758080963 -170460.2093000666 slew "" "" "" "" ""
"2030-01-22 10:31:19.568" 900.0 268642.5924844795 136311.0738652123 -170436.86320451065 observe 190.698652769119 40.6862194690992 -89.17017180363752 4562 169
"2030-01-22 10:46:19.568" 105.89224160486212 277290.99447661854 117788.76605532857 -170237.5820082674 slew "" "" "" "" ""
"2030-01-22 10:48:05.460" 900.0 278225.34930072364 115571.91622714499 -170214.04828504167 observe 186.618728897861 41.27417974501109 -92.23328685311708 4542 169
"2030-01-22 11:03:05.460" 106.69927810915108 285444.97143581475 96445.5520866276 -170013.29377178467 slew "" "" "" "" ""
"2030-01-22 11:04:52.159" 900.0 286214.3527377083 94146.63687844215 -169989.40599437174 observe 187.82244582987713 38.642066954241336 -89.75041657783481 4541 169
"2030-01-22 11:19:52.159" 105.7101071840003 291962.1752101282 74525.96963046148 -169787.17769130613 slew "" "" "" "" ""
"2030-01-22 11:21:37.869" 900.0 292549.5187969202 72196.92804096942 -169763.33839033908 observe 191.72586365472137 38.04364279246951 -87.02250668169395 4561 169
"2030-01-22 11:36:37.869" 105.54931766883817 296793.63847009384 52195.429194955694 -169559.63844677366 slew "" "" "" "" ""
"2030-01-22 11:38:23.419" 900.0 297202.14495146734 49831.98682252685 -169535.6628713807 observe 195.5592913321447 37.381842533239265 -84.44828072894627 4582 169
"2030-01-22 11:53:23.419" 406.41614392420524 299918.14303676464 29564.832681866566 -169330.49221689784 slew "" "" "" "" ""
"2030-01-22 12:00:00.000" 1800.0 300676.9835672257 20584.55221035356 -169239.6669131339 downlink 319.40237971764753 -73.82197154477421 162.57874439598632 "" ""
"2030-01-22 12:30:00.000" 250.85611860615265 300735.41408113344 -20293.391118436524 -168824.21992980922 slew "" "" "" "" ""
"2030-01-22 12:34:10.856" 900.0 300302.842933846 -25978.572280046945 -168765.90384091012 observe 71.24636666764286 -43.463701396043184 49.93284036640125 1929 269
"2030-01-22 12:49:10.856" 102.7673464197015 297867.3982751466 -46285.91059211438 -168555.84218426197 slew "" "" "" "" ""
"2030-01-22 12:50:53.623" 900.0 297501.72235176293 -48593.052955897605 -168531.77251760822 observe 74.38014720673664 -41.97330222923001 47.72503689589489 1922 269
"2030-01-22 13:05:53.623" 105.13848789684833 293537.99086163676 -68659.38385412433 -168320.2471664908 slew "" "" "" "" ""
"2030-01-22 13:07:38.762" 900.0 292986.2892088899 -70984.81076759049 -168295.45099036215 observe 71.06458247107848 -40.33123973526051 50.550793754728836 1928 269
"2030-01-22 13:22:38.762" 102.99621693026748 287513.26761459094 -90694.23898574244 -168082.45915966702 slew "" "" "" "" ""
"2030-01-22 13:24:21.758" 900.0 286801.90069962316 -92924.96449614095 -168058.00061632614 observe 74.0890811545538 -38.831498848154986 48.533391287381626 1921 269
"2030-01-22 13:39:21.758" 105.04638582951442 279854.02457195055 -112165.19180638001 -167843.5461060838 slew "" "" "" "" ""
"2030-01-22 13:41:06.805" 900.0 278958.34399905725 -114378.99700431289 -167818.42985212037 observe 70.97859225004589 -37.1832761344145 51.18612341142582 1927 269
"2030-01-22 13:56:06.805" 106.410929323504 270572.37845718995 -133038.47101922837 -167602.51034920436 slew "" "" "" "" ""
"2030-01-22 13:57:53.215" 900.0 269497.6111109631 -135205.89715708737 -167576.89454736232 observe 70.97533769196083 -34.02236878885641 51.85726005515151 1926 269
"2030-01-22 14:12:53.215" 104.9560903850199 259719.80432502594 -153176.23789325176 -167359.50874322644 slew "" "" "" "" ""
"2030-01-22 14:14:38.172" 900.0 258500.66589622168 -155227.60783205437 -167334.07232431148 observe 73.90444464809757 -35.67285446406654 49.35284873070793 1920 269
"2030-01-22 14:29:38.172" 105.12279802749616 247389.17406956604 -172406.3374971348 -167115.22302063677 slew "" "" "" "" ""
"2030-01-22 14:31:23.294" 900.0 246015.8952748659 -174362.63228106636 -167089.5752840952 observe 76.96053533163398 -37.25891775322329 46.65674797030919 1915 269
"2030-01-22 14:46:23.294" 105.28453106973149 233634.30346362854 -190650.7470285304 -166869.2629232498 slew "" "" "" "" ""
"2030-01-22 14:48:08.579" 900.0 232114.3496210121 -192500.27181615296 -166843.40460120002 observe 80.14974073810495 -38.77296215982047 43.76557740957657 1911 269
"2030-01-22 15:03:08.579" 102.52053294547858 218533.60135608507 -207803.84659002317 -166621.62963733147 slew "" "" "" "" ""
"2030-01-22 15:04:51.099" 900.0 216921.45366749947 -209487.70827642205 -166596.28382559898 observe 77.34456141735662 -40.40667571601153 45.67239214464179 1916 269
"2030-01-22 15:19:51.099" 105.57428046559593 202222.58452059558 -223721.68330205837 -166373.05097174444 slew "" "" "" "" ""
"2030-01-22 15:21:36.674" 900.0 200435.88589679365 -225325.12723291366 -166346.77895509312 observe 80.8805056940254 -41.79045915704663 42.5145355459028 2182 269
"2030-01-22 15:36:36.674" 103.30460732298965 184699.92904212908 -238404.3599821997 -166122.0844699108 slew "" "" "" "" ""
"2030-01-22 15:38:19.978" 900.0 182837.81663180134 -239836.49751748022 -166096.20971776394 observe 83.72062379375164 -39.977648734037935 40.52333958240097 2178 269
"2030-01-22 15:53:19.978" 107.32116572651441 166157.34604283358 -251688.48011267342 -165870.05760467311 slew "" "" "" "" ""
"2030-01-22 15:55:07.299" 900.0 164115.60217794613 -253025.4562315057 -165843.00270185692 observe 87.82899728600819 -40.60020971787752 36.82854935487812 2179 269
"2030-01-22 16:10:07.299" 103.65276799604914 146582.97787959198 -263576.89065592113 -165615.3878401296 slew "" "" "" "" ""
"2030-01-22 16:11:50.952" 900.0 144518.78531475278 -264715.0156212052 -165589.08959802196 observe 85.06419591873345 -42.56808566819114 38.81467190075831 2183 269
"2030-01-22 16:26:50.952" 103.55451649946357 126237.81214975327 -273909.9499545739 -165360.01803403354 slew "" "" "" "" ""
"2030-01-22 16:28:34.507" 900.0 124095.43214119614 -274887.7432962141 -165333.57716060732 observe 82.13146591024616 -44.4546516644753 40.96034472559507 2188 269
"2030-01-22 16:43:34.507" 103.45107486150397 105170.99239196103 -282673.53640186624 -165103.04976268503 slew "" "" "" "" ""
"2030-01-22 16:45:17.958" 900.0 102962.96621208722 -283485.6694855973 -165076.46801019652 observe 79.0176613073957 -46.250066539337666 43.279163919140956 2194 269
"2030-01-22 17:00:17.958" 104.03411730080714 83503.61084642862 -289817.7903482379 -164844.48566203454 slew "" "" "" "" ""
"2030-01-22 17:02:01.992" 900.0 81227.69049451793 -290464.16112726246 -164817.5859079398 observe 77.88652281805517 -43.5141604689177 44.65414745521555 2187 269
"2030-01-22 17:17:01.992" 102.57947355853486 61344.75875667422 -295305.4041049362 -164584.14850678408 slew "" "" "" "" ""
"2030-01-22 17:18:44.571" 900.0 59058.87394820144 -295771.1959103093 -164557.45919494773 observe 74.79639233611776 -45.09498209312134 46.90361446581889 1923 269
"2030-01-22 17:33:44.571" 102.50541895371516 38866.84889471048 -299095.97066645743 -164322.56959865196 slew "" "" "" "" ""
"2030-01-22 17:35:27.077" 900.0 36553.965863681886 -299387.4728762382 -164295.73420596067 observe 71.54137043260155 -46.57767892236932 49.310029747431535 1930 269
"2030-01-22 17:50:27.077" 245.77323177220916 16168.418023740396 -301176.85614059103 -164059.3932796837 slew "" "" "" "" ""
"2030-01-22 18:00:00.000" 1800.0 3146.66136939965 -301593.5019937551 -163908.2646656666 downlink 272.04705753720543 -70.2462297149138 -141.33207178416922 "" ""
"2030-01-22 18:30:00.000" 346.2914309678746 -37689.54967267647 -299241.3702681376 -163430.01963460815 slew "" "" "" "" ""
"2030-01-22 18:35:46.291" 900.0 -45489.14018245358 -298154.11109905905 -163337.41601068096 observe 183.87187731039927 23.865126526262834 -82.10830015907531 4480 173
"2030-01-22 18:50:46.291" 108.47158219452237 -65601.34879100301 -294379.391655017 -163095.84198069348 slew "" "" "" "" ""
"2030-01-22 18:52:34.763" 900.0 -68006.73116091227 -293832.47600122244 -163066.63873994263 observe 182.73622287156522 26.64442761421289 -84.5013719160866 4481 173
"2030-01-22 19:07:34.763" 105.1590639951548 -87773.48128768649 -288539.8671988306 -162823.60837383356 slew "" "" "" "" ""
"2030-01-22 19:09:19.922" 900.0 -90058.40232901766 -287834.2160604112 -162795.12710870837 observe 186.1045505784258 26.151520634010613 -82.89254136904728 4499 173
"2030-01-22 19:24:19.922" 107.81938453228409 -109366.93751634586 -281059.24050626386 -162550.64600205974 slew "" "" "" "" ""
"2030-01-22 19:26:07.741" 900.0 -111647.96966659316 -280160.10093271994 -162521.27023742837 observe 185.01411300725076 28.91246691003747 -85.18794676355624 4500 173
"2030-01-22 19:41:07.741" 108.07667249274223 -130385.57955843124 -271938.031010401 -162275.33537254302 slew "" "" "" "" ""
"2030-01-22 19:42:55.818" 900.0 -132596.91118075213 -270865.65260295424 -162245.7149615499 observe 183.85226723549988 31.643271254366468 -87.66007624306349 4501 173
"2030-01-22 19:57:55.818" 105.59961548196998 -150655.07106287315 -261243.7554603689 -161998.32679834377 slew "" "" "" "" ""
"2030-01-22 19:59:41.418" 900.0 -152729.90518085245 -260035.0266702648 -161969.21500935106 observe 180.23724495436718 32.104998627086864 -89.87201036945268 4483 173
"2030-01-22 20:14:41.418" 105.76512880609519 -170006.2132778261 -249072.27977672408 -161720.3779542074 slew "" "" "" "" ""
"2030-01-22 20:16:27.183" 900.0 -171986.47877378602 -247707.64527975602 -161691.05030249743 observe 176.5807959841378 32.51091666468166 -92.22159319797788 4466 173
"2030-01-22 20:31:27.183" 105.9631848868137 -188381.3543622879 -235467.04719336904 -161440.76495817146 slew "" "" "" "" ""
"2030-01-22 20:33:13.146" 900.0 -190255.8843570465 -233953.41530252885 -161411.21190337118 observe 172.8872115354709 32.857604319802896 -94.72530494337363 4451 173
"2030-01-22 20:48:13.146" 109.58789419517456 -205674.7543052144 -220505.32549127037 -161159.4788323369 slew "" "" "" "" ""
"2030-01-22 20:50:02.734" 900.0 -207488.8120182964 -218797.23288023134 -161128.7383017593 observe 170.84851799827834 30.53293469670392 -93.51778646764119 4436 173
"2030-01-22 21:05:02.734" 105.83680317643844 -221838.91369995393 -204215.30783989676 -160875.55314547304 slew "" "" "" "" ""
"2030-01-22 21:06:48.571" 900.0 -223460.43495445914 -202437.43956475332 -160845.69444217643 observe 174.44170664363025 30.205497347249807 -91.23722673976911 4450 173
"2030-01-22 21:21:48.571" 105.65995388870711 -236662.99745902515 -186810.13544500482 -160591.06345538006 slew "" "" "" "" ""
"2030-01-22 21:23:34.231" 900.0 -238142.5152372707 -184917.703288615 -160561.08496986818 observe 178.00282721406242 29.82431997457687 -89.09916732703824 4465 173
"2030-01-22 21:38:34.231" 105.51107612384806 -250121.80475854207 -168335.29780202822 -160305.00926868955 slew "" "" "" "" ""
"2030-01-22 21:40:19.742" 900.0 -251451.66781369847 -166339.0749062558 -160274.90371645932 observe 181.52808912058939 29.392197662658653 -87.08692955797261 4482 173
"2030-01-22 21:55:19.742" 108.76145794830984 -262139.01120753188 -148897.2741349328 -160017.38437977905 slew "" "" "" "" ""
"2030-01-22 21:57:08.503" 900.0 -263349.5953625179 -146741.5367720788 -159986.17670664663 observe 179.33096845006898 27.09719111508411 -86.20121069872151 4464 173
"2030-01-22 22:12:08.503" 105.39849637342118 -272679.13095806056 -128538.55881823479 -159727.20993959837 slew "" "" "" "" ""
